[2.55456482e-01 0.00000000e+00 3.55151271e-01 1.83003397e-01
 0.00000000e+00 2.56361813e-01 5.81764387e-01 0.00000000e+00
 0.00000000e+00 3.68850996e-01 1.71698149e-01 1.61613945e-01
 2.71026210e-01 2.65439906e-01 2.62898605e+01 1.42574005e+00
 0.00000000e+00 0.00000000e+00 3.52846196e-01 2.57288347e-01
 0.00000000e+00 1.26743083e+00 3.81396891e+00 0.00000000e+00
 4.03094866e-01 2.69134727e-01 2.84665051e+00 2.36346440e-01
 0.00000000e+00 1.09571675e+00 4.52985629e-01 5.68200242e-02
 9.36737332e-01 2.56168069e-01 3.29028756e-01 2.57309016e-01
 0.00000000e+00 0.00000000e+00 0.00000000e+00 4.92658768e-01
 1.02127813e+00 8.02818744e-01 2.02876663e+01 0.00000000e+00
 3.00409366e-01 2.26072087e-01 2.04656071e+00 0.00000000e+00
 0.00000000e+00 1.89927760e+00 1.28398853e+00 1.83087566e-01
 0.00000000e+00 0.00000000e+00 0.00000000e+00 2.55380750e-01
 0.00000000e+00 1.10872166e-02 6.78883215e-01 2.46526025e-01
 1.41535334e+00 1.39216184e-01 2.55627006e-01 0.00000000e+00
 2.57007050e-01 3.12477870e-01 1.40004212e-01 2.57962786e-01
 0.00000000e+00 2.56153640e-01 3.94404103e-01 2.56156633e-01
 2.62652035e-01 1.04305728e-01 1.51470309e-02 0.00000000e+00
 6.18617460e+00 7.32788778e-01 2.45634545e-01 0.00000000e+00
 2.56471686e-01 1.85178436e-01 0.00000000e+00 8.04837499e-01
 0.00000000e+00 2.55042533e-01 0.00000000e+00 1.66312284e-01
 0.00000000e+00 2.56191287e-01 1.99287342e+00 0.00000000e+00
 0.00000000e+00 3.30194246e+00 5.96560389e-02 3.11164918e+00
 5.90028715e-03 4.49961690e-03 2.55598816e-01 0.00000000e+00]
6
1.0
[[nan]
 [nan]]
[[-0.91282135 -0.92275417 -0.93174046 ... -0.93174046 -0.9227541
  -0.9128214 ]
 [-0.8949648  -0.9059929  -0.9161329  ... -0.9161329  -0.90599287
  -0.8949649 ]
 [-0.87514096 -0.8871638  -0.8983849  ... -0.898385   -0.88716376
  -0.875141  ]
 ...
 [ 0.87514096  0.8871638   0.8983849  ...  0.898385    0.88716376
   0.875141  ]
 [ 0.8949648   0.9059929   0.9161329  ...  0.9161329   0.90599287
   0.8949649 ]
 [ 0.91282135  0.92275417  0.93174046 ...  0.93174046  0.9227541
   0.9128214 ]]
[7.71101240e-01 4.84944200e-02 2.03039881e-01 4.03338417e+00
 0.00000000e+00 1.97837033e-02 0.00000000e+00 2.51076894e-01
 0.00000000e+00 3.93632540e-02 1.97652383e-02 0.00000000e+00
 1.27584043e+00 0.00000000e+00 2.38439593e-01 2.51173630e-01
 4.59695293e-02 1.35957750e+01 0.00000000e+00 0.00000000e+00
 4.53591264e-01 7.24948508e+00 3.93631430e-02 4.73816636e-01
 8.70042630e-02 3.93595113e-02 2.78386785e-01 5.65148781e+00
 4.86258713e-02 1.02360640e+01 3.84938609e-02 5.54285931e+00
 2.15596160e+00 2.71845135e-02 4.87863137e-01 3.73927095e-01
 0.00000000e+00 0.00000000e+00 7.50690227e-02 1.23287864e+01
 1.72397169e+00 0.00000000e+00 2.79303469e+00 9.77993383e-01
 1.39821357e-01 7.00797462e+00 6.79824624e-01 1.24011693e+00
 2.40897412e-01 4.21480700e-02 6.35887661e-03 1.32467477e+00
 3.97341351e-02 0.00000000e+00 0.00000000e+00 6.91039931e-01
 0.00000000e+00 1.66710831e+00 7.42985087e-02 1.10329113e+00
 7.36568778e-01 3.89178776e-01 0.00000000e+00 0.00000000e+00
 2.22056553e+00 0.00000000e+00 2.30579766e-01 0.00000000e+00
 7.40617484e-03 0.00000000e+00 3.56489799e-02 4.18104208e-02
 1.49461029e+00 6.48178342e-01 0.00000000e+00 3.76036174e-02
 5.92227789e-01 3.70655577e-02 2.86833220e-02 2.43614765e-02
 5.79563093e-02 1.29625201e-01 0.00000000e+00 1.09229166e-01
 0.00000000e+00 0.00000000e+00 0.00000000e+00 0.00000000e+00
 0.00000000e+00 0.00000000e+00 0.00000000e+00 4.51499757e-02
 2.87954623e+00 0.00000000e+00 1.38911307e+01 3.97155634e-02
 0.00000000e+00 1.31038268e+00 8.54701136e-01 0.00000000e+00]
6
1.0
[[nan]
 [nan]]
[ 0.57443773  0.          0.          0.17366625  0.5597063   0.
  0.          0.12388511  0.17631992  2.11065997  0.16534548  0.19033449
  0.17414764  0.          0.          0.16200097  0.18398301  0.04677926
 13.66985908  0.8268114   5.16886879  0.          0.          0.
  0.          0.50036097  0.          0.          0.15886007  1.04100448
  0.          0.18487378  0.17905984  0.          0.          0.16399405
  0.17499728  0.          0.14693946  0.21775008  0.25039599  0.
  1.82535636  2.2071132   0.09345658  0.          0.6102128   4.27133366
  0.34530388  2.02687795  2.1037246   0.          2.00193181  0.
  0.17507559  0.22595346  1.22538017  0.01645301  0.26088526  0.41434678
  0.19057066  1.03508402  0.09743382  0.10349174  0.          0.41117311
  0.06935799  0.          0.          0.43238433  0.          0.
  5.33983208  0.1739713   0.54544647  0.          1.30364508  0.17365845
  0.28695099  0.18995024  0.11733234 12.84101946  0.          0.
  1.56607178  0.63347971  0.          2.89849908  0.84155589  0.18572378
  0.055888    0.419953    0.18928329  0.33866444  0.18097382  0.17475998
  1.17053279  0.17694117  0.42274241  0.        ]
6
1.0
[[nan]
 [nan]]
[1.84832561e-01 9.10351798e+00 0.00000000e+00 0.00000000e+00
 5.84006236e-02 2.33025249e+00 9.20361872e-02 1.11674337e-02
 0.00000000e+00 1.86091709e+00 1.35317111e+01 6.82420875e-03
 4.05287869e-01 1.22998363e-02 0.00000000e+00 2.61872291e-01
 0.00000000e+00 1.11850363e-01 0.00000000e+00 8.01166584e-02
 3.35154266e-01 4.30913557e-02 1.13924751e-01 0.00000000e+00
 8.03029566e-02 0.00000000e+00 3.69880256e-02 0.00000000e+00
 6.31945572e-02 4.23416668e-01 5.37108654e+00 0.00000000e+00
 6.23030108e-02 4.37140479e-01 2.63258098e+00 7.57169366e-02
 7.39331642e-02 7.42012309e-02 1.10536812e-01 3.18788261e+00
 7.18504993e-02 0.00000000e+00 0.00000000e+00 7.35805772e-02
 1.41388852e+01 0.00000000e+00 7.32287829e+00 2.99561999e-02
 7.41033789e-02 0.00000000e+00 0.00000000e+00 7.67550369e-02
 0.00000000e+00 1.20165319e-01 8.32634745e-02 5.63029427e-02
 1.43437476e-01 0.00000000e+00 7.55368803e-02 3.22264007e-01
 0.00000000e+00 4.76388258e+00 7.41274394e-02 3.76147401e-01
 0.00000000e+00 1.92814300e-01 0.00000000e+00 3.69492035e-01
 1.62338798e-03 6.61854619e+00 7.39996469e-02 2.74247459e-01
 9.15124406e+00 0.00000000e+00 0.00000000e+00 0.00000000e+00
 3.23266548e-01 0.00000000e+00 0.00000000e+00 1.16279630e+00
 7.35932760e-02 1.02528807e+00 1.42317190e-01 0.00000000e+00
 6.87491967e-01 7.02904825e+00 1.47484970e-01 1.45389763e+00
 0.00000000e+00 4.12774166e-01 0.00000000e+00 1.16380216e-01
 0.00000000e+00 6.36825451e-02 7.48195234e-02 1.12703658e-01
 1.14750029e+00 9.15922017e-02 0.00000000e+00 5.46921500e+00]
6
1.0
[[nan]
 [nan]]
[0.00000000e+00 0.00000000e+00 0.00000000e+00 8.31937962e+00
 2.30347623e-01 2.53145451e-01 5.38183413e+00 0.00000000e+00
 3.55851179e-01 1.84476699e-01 1.14567703e+00 1.62523424e+00
 1.89405483e-01 3.35070857e-01 0.00000000e+00 3.88188022e+00
 1.68514243e-01 5.01531811e+00 1.83365030e-01 0.00000000e+00
 2.90213790e-01 1.91631476e-01 1.89068222e-01 8.74228492e-02
 0.00000000e+00 0.00000000e+00 5.64116885e-02 1.44680117e-01
 1.85727968e-01 1.88476790e-01 1.84441383e-01 1.91950495e-01
 1.64922073e-02 0.00000000e+00 0.00000000e+00 0.00000000e+00
 0.00000000e+00 9.61900533e-01 1.30477764e+00 1.45514884e-01
 3.57784013e-01 1.87571033e-01 0.00000000e+00 4.72407172e-01
 8.84752556e-02 1.91250185e-01 0.00000000e+00 1.23547454e+00
 1.83487613e-01 1.30709475e+01 5.67007841e-01 0.00000000e+00
 0.00000000e+00 1.88279612e-01 1.86517148e-01 0.00000000e+00
 0.00000000e+00 4.29080834e-01 8.00454607e-01 0.00000000e+00
 1.75040103e+00 0.00000000e+00 0.00000000e+00 0.00000000e+00
 0.00000000e+00 2.02910395e-01 4.08554803e-01 1.88102885e-01
 0.00000000e+00 1.89107063e-01 1.89358311e-01 1.89716739e-01
 1.89215459e-01 1.89593700e-01 0.00000000e+00 0.00000000e+00
 0.00000000e+00 4.08692472e-03 1.73633320e-01 1.89937227e-01
 4.06210655e-01 0.00000000e+00 1.89379583e-01 4.16034291e-01
 2.23980286e-01 2.65391287e+00 3.01031963e+00 2.47756038e-01
 0.00000000e+00 1.77579121e-01 0.00000000e+00 4.08613162e-01
 1.91198311e-01 7.43566834e-02 1.73546138e-02 1.85930996e-01
 1.91629747e-01 1.89590000e-01 2.83405828e+00 8.20227509e-02]
6
1.0
[[nan]
 [nan]]
[0.00000000e+00 3.73440883e-01 1.67650854e-01 0.00000000e+00
 3.76393621e+00 1.65861768e-01 1.07987627e+00 0.00000000e+00
 2.49356104e-01 4.60856734e-01 1.30701838e-01 0.00000000e+00
 8.88987301e-01 0.00000000e+00 1.29423142e-01 1.09235802e+00
 3.54939266e-01 1.47332529e-01 0.00000000e+00 5.85299400e-02
 1.45081889e-01 0.00000000e+00 0.00000000e+00 0.00000000e+00
 4.02132513e+00 4.24298540e-01 0.00000000e+00 1.57325429e-01
 2.17045599e+00 1.58913075e-01 2.68629729e-01 0.00000000e+00
 9.11598872e-01 0.00000000e+00 1.00344244e+00 8.26040903e-02
 1.55095136e-01 2.01401031e-01 3.27494004e+00 2.84066452e+00
 0.00000000e+00 3.52208025e-01 4.82744989e+00 1.51703481e+00
 1.04653805e+01 0.00000000e+00 1.83498358e-01 4.23621157e-03
 8.66492899e-01 9.18586662e+00 0.00000000e+00 1.51623684e-01
 2.69676376e+00 1.67268039e+01 1.39137649e+01 0.00000000e+00
 2.79979429e+00 7.91883994e-01 3.39127987e-01 0.00000000e+00
 1.88395079e+00 0.00000000e+00 2.32471526e+01 1.86834444e-01
 0.00000000e+00 3.32631178e+00 1.06485370e-01 0.00000000e+00
 1.38557118e-01 4.01167357e-02 7.84123902e-01 1.66488878e-01
 0.00000000e+00 0.00000000e+00 2.81494195e+00 0.00000000e+00
 2.53758032e-01 0.00000000e+00 2.75369675e-01 2.15467715e-01
 2.39561667e-01 1.40770492e-01 8.82738596e-02 2.99312383e-03
 8.01717721e+00 1.96895186e-01 0.00000000e+00 0.00000000e+00
 4.66154185e-01 4.43330643e-01 2.61517503e-01 0.00000000e+00
 0.00000000e+00 5.24414101e+00 0.00000000e+00 3.58105635e-01
 1.06207829e+00 0.00000000e+00 1.59136968e-01 1.69345002e-01]
6
1.0
[[nan]
 [nan]]
[2.06550574e+00 9.85654258e-02 1.86170720e+00 9.42625919e+00
 0.00000000e+00 1.77630355e+00 0.00000000e+00 9.02359790e+00
 5.73147338e-02 3.13719378e-01 1.63427986e+00 5.44829617e-02
 0.00000000e+00 0.00000000e+00 4.20092139e-02 5.72083431e-02
 0.00000000e+00 5.72138506e+00 4.35226070e-02 0.00000000e+00
 4.18763053e-01 3.91775311e-01 1.90393035e+01 8.82706047e-03
 0.00000000e+00 0.00000000e+00 9.15218419e-02 5.38266745e-02
 1.24749898e-02 6.03653442e-02 1.60180392e+01 1.27734886e+01
 1.20622030e-01 0.00000000e+00 0.00000000e+00 5.78586252e-02
 4.31419019e+00 2.01555569e+01 2.45275193e-01 5.98884239e-02
 1.48406539e-01 5.51275053e-02 3.83279318e+00 8.60197376e-02
 5.58598618e-01 0.00000000e+00 5.99434819e-02 0.00000000e+00
 0.00000000e+00 5.57260900e-03 2.11750204e-01 0.00000000e+00
 3.19282968e-02 0.00000000e+00 6.54758431e-02 1.25371293e-01
 0.00000000e+00 3.17667937e+00 0.00000000e+00 0.00000000e+00
 0.00000000e+00 0.00000000e+00 0.00000000e+00 2.38970614e-02
 1.00440970e-01 4.04483525e-01 0.00000000e+00 2.81613066e+00
 6.21771422e-02 5.80545071e-02 9.19517609e-01 2.02769360e-01
 4.07295950e-01 9.31784564e-01 0.00000000e+00 1.17319242e-02
 6.39520460e-02 8.29466128e-01 2.37564512e+00 1.67763116e+00
 6.77389565e-02 9.80771444e-02 3.80348144e+00 8.65018688e-02
 0.00000000e+00 5.54791493e-02 5.58542312e-02 1.23124618e+00
 5.97082862e-02 5.69219715e-02 0.00000000e+00 0.00000000e+00
 0.00000000e+00 0.00000000e+00 0.00000000e+00 9.44472817e-01
 0.00000000e+00 7.92741426e-03 8.83014404e-01 3.28341160e-01]
6
1.0
[[nan]
 [nan]]
[7.08576420e+00 9.43231243e-01 0.00000000e+00 0.00000000e+00
 5.54634573e-01 1.94284552e+00 0.00000000e+00 3.03184900e-01
 1.77081066e+00 3.97904025e-01 0.00000000e+00 0.00000000e+00
 0.00000000e+00 1.52316194e-02 3.37956048e+00 6.83311230e+00
 0.00000000e+00 1.24642001e+00 0.00000000e+00 0.00000000e+00
 9.05552433e-01 5.21890523e-01 5.78566078e-03 2.97334618e-01
 0.00000000e+00 0.00000000e+00 0.00000000e+00 4.36740946e-02
 3.16095489e+00 3.77382381e-01 1.16717359e+00 2.96638264e-01
 8.71723054e-01 2.96424163e-01 1.63915833e-01 3.15140608e-01
 2.44860872e+00 2.26932862e+00 0.00000000e+00 2.04355630e+00
 1.77955644e+00 2.86128966e-01 3.17821067e-01 9.58352617e-01
 5.81206724e+00 0.00000000e+00 1.19359631e-01 0.00000000e+00
 6.27114311e-01 3.94463096e-01 0.00000000e+00 0.00000000e+00
 0.00000000e+00 3.04539052e-01 4.25705611e-01 5.62432585e-01
 7.57014956e+00 4.47841815e+00 2.41227727e-01 2.23850537e+00
 0.00000000e+00 0.00000000e+00 4.22030415e-01 4.40486312e-01
 1.00253896e-01 3.02887503e-01 0.00000000e+00 0.00000000e+00
 2.87616629e-01 0.00000000e+00 1.94256312e+00 2.85158497e-01
 0.00000000e+00 2.64500107e-01 1.92010999e+00 0.00000000e+00
 1.50154594e-01 3.10731457e-01 3.03942634e-01 0.00000000e+00
 2.21421466e+00 7.44799270e-01 7.57938683e-01 4.46282540e-01
 2.97664282e-01 9.34378204e-01 3.81126178e+00 0.00000000e+00
 0.00000000e+00 2.96954061e-01 3.03642966e-01 0.00000000e+00
 0.00000000e+00 7.25647530e-01 7.17263500e-02 3.80906527e+00
 1.63086306e+00 5.32001770e-01 1.53687038e+00 2.06997502e-01]
6
1.0
[[nan]
 [nan]]
[ 2.77022635  0.25425373  0.80941574  0.          0.28565997  0.4017204
  0.          0.53005356  0.          0.43812588  0.273738    0.
  0.28327317  0.          0.27010282  0.          0.56843671 28.15589164
  1.62768962  0.29269506  1.69371185  0.28675315  2.46563492  0.12118874
  3.4381097   0.          0.          2.64306664  0.          0.
  0.46329313  0.70249804  0.9395877   1.61845567  0.212719    0.
  0.33889411 15.44704198  0.          0.          0.55630742  0.32734319
  4.53360287  0.43648463  0.28397774  0.          0.          0.45787041
  0.          0.28732664  4.67085958  0.2822307   6.69794685  0.19017709
  3.62515206  0.28557391  0.20922165  0.0971759   0.          0.28577421
  0.          0.33673222  0.02883737  1.69580959  0.28551164  0.2092126
  0.          0.          0.          0.          0.98615969  0.
  0.13450836  0.1307472   5.82414791  0.10970577  1.91853155  0.
  0.28357675  0.          0.          0.28419066  1.4165768   0.23488929
  0.30623275  0.          0.18280188  0.2959832   0.59608723  4.14994183
  0.70239253  0.17241857  0.          0.30829331  0.          0.17315556
  0.          0.3027366  17.00598703  2.91621903]
6
1.0
[[nan]
 [nan]]
[1.25385460e-01 9.04389977e-02 1.31607046e-01 4.18292899e-01
 4.82863500e+00 8.81272053e-01 1.70913620e-01 8.32191491e-02
 0.00000000e+00 6.66476032e-01 1.38796024e-01 1.25212546e-01
 0.00000000e+00 4.32703541e-01 1.85963869e-01 0.00000000e+00
 0.00000000e+00 0.00000000e+00 1.30988973e-01 1.70634756e-01
 0.00000000e+00 0.00000000e+00 1.32069931e-01 2.39357420e-01
 2.90119012e+00 1.30590028e-01 1.77267155e-01 4.09056100e+00
 1.31518567e-01 2.12346533e-01 9.17395359e-01 6.09715346e-01
 8.99082413e-03 1.32572784e-01 0.00000000e+00 0.00000000e+00
 0.00000000e+00 0.00000000e+00 0.00000000e+00 7.18433034e-01
 1.25606937e+00 2.75430561e-01 1.30377510e-01 0.00000000e+00
 7.56016349e-02 8.20759840e-03 1.88694181e+00 0.00000000e+00
 1.75076131e+00 0.00000000e+00 0.00000000e+00 1.47687040e-01
 1.25893347e-01 0.00000000e+00 5.61056288e+00 1.30941037e-01
 1.09830640e-01 5.73419418e-01 9.87155283e-02 1.30651646e-01
 4.47969554e+00 1.42745094e+01 5.84471904e-01 0.00000000e+00
 8.38802125e-01 8.13209133e-01 2.64239322e-01 0.00000000e+00
 0.00000000e+00 0.00000000e+00 1.57030995e-01 0.00000000e+00
 9.93288502e-01 0.00000000e+00 7.53466422e-02 0.00000000e+00
 1.18993559e-01 1.50027964e-01 2.03242200e+00 0.00000000e+00
 1.22817246e+00 2.29628405e-01 1.54862048e-01 3.88102463e-01
 6.02201159e-02 1.59721895e+00 1.44961678e+00 0.00000000e+00
 1.32327718e-01 9.92006606e-02 0.00000000e+00 1.62333225e+00
 0.00000000e+00 7.84149957e-01 1.39582464e-01 1.30743293e-01
 1.31010964e-01 0.00000000e+00 1.30857072e-01 0.00000000e+00]
6
1.0
[[nan]
 [nan]]
[2.07703519e-01 0.00000000e+00 0.00000000e+00 0.00000000e+00
 6.95208150e-02 0.00000000e+00 0.00000000e+00 0.00000000e+00
 0.00000000e+00 4.61266410e+00 2.38622322e+00 1.15561345e-01
 0.00000000e+00 1.70447559e-01 6.08914510e-01 1.28710282e-01
 0.00000000e+00 0.00000000e+00 0.00000000e+00 0.00000000e+00
 3.14420902e-01 3.57759043e-03 0.00000000e+00 0.00000000e+00
 7.22247425e-01 3.00886268e+00 1.56758833e-01 0.00000000e+00
 2.96751654e-01 1.17145672e-01 2.71937579e-01 0.00000000e+00
 1.25475759e-01 0.00000000e+00 4.68456423e+00 1.04830309e-01
 1.14606380e-01 4.95241493e-01 3.45923269e-01 0.00000000e+00
 2.80888296e-01 2.34117220e+00 8.22804061e+00 6.47486416e-01
 2.65639794e+00 2.07415344e+00 5.96099196e-02 0.00000000e+00
 0.00000000e+00 1.24847582e+00 1.15086635e-01 0.00000000e+00
 0.00000000e+00 1.15078342e-01 1.50648241e+01 1.25238281e+00
 1.13643929e-01 6.90140512e-01 2.11400079e-01 0.00000000e+00
 1.14589807e-01 0.00000000e+00 1.10648545e-01 0.00000000e+00
 2.15942253e-01 1.15083858e-01 1.19436189e-01 1.14911464e-01
 1.13489603e-01 5.31122936e-01 7.70307761e-02 0.00000000e+00
 8.62530733e-02 1.57562646e-01 1.15717203e-01 1.00187903e-01
 8.85864119e-01 6.07796744e-01 0.00000000e+00 1.01241026e+00
 0.00000000e+00 1.52960132e-01 5.48817872e-02 1.15013673e-01
 1.84660823e-01 2.86779886e-02 0.00000000e+00 3.07656930e+00
 1.17877403e-01 1.20425643e-01 1.15085337e-01 4.93934060e+00
 0.00000000e+00 1.72057343e+00 9.28329003e-02 7.11867951e-01
 2.28815514e-01 1.16943658e-01 8.63529872e-02 6.35513971e-02]
6
1.0
[[nan]
 [nan]]
[7.48775402e-02 7.94092247e-02 0.00000000e+00 0.00000000e+00
 6.72383770e-02 5.49411199e-03 4.39584877e-01 0.00000000e+00
 8.03638839e-02 1.40693911e+00 3.48388363e+00 1.35843858e-01
 1.39192032e+00 4.05668814e+00 1.51387168e-02 8.48549435e-02
 4.86998628e-01 0.00000000e+00 8.15556632e-02 2.60814747e-02
 8.22117560e-02 8.71246673e-02 1.84098952e+00 7.60465225e-02
 1.39814137e+00 1.47457187e-01 0.00000000e+00 0.00000000e+00
 1.43537515e-03 2.54278556e-01 1.18255637e-03 5.37047187e-02
 1.76127936e-01 0.00000000e+00 0.00000000e+00 0.00000000e+00
 7.26786050e-02 1.13633121e-01 2.07625407e+00 1.62248135e+00
 9.24706157e-02 0.00000000e+00 7.93005952e-02 0.00000000e+00
 3.10293911e+00 0.00000000e+00 6.68076037e-01 2.63715889e-01
 0.00000000e+00 7.48048699e-02 2.46690914e+00 7.10209799e-02
 0.00000000e+00 8.24755391e-02 0.00000000e+00 0.00000000e+00
 0.00000000e+00 0.00000000e+00 1.26301703e+00 0.00000000e+00
 6.06475045e+00 0.00000000e+00 7.57214119e-01 8.04446898e-02
 0.00000000e+00 8.03530158e-02 2.42790146e+00 2.07413248e-02
 0.00000000e+00 8.04119205e-02 0.00000000e+00 0.00000000e+00
 7.82311412e-02 7.62638434e-02 0.00000000e+00 1.63399291e+01
 2.81217824e-01 0.00000000e+00 7.26912466e-02 2.50110499e+00
 0.00000000e+00 4.36311276e-01 7.86246660e-02 0.00000000e+00
 2.50970301e-01 4.93895120e-01 4.66603329e+00 1.40165663e+00
 8.03897411e-02 8.06913283e-02 7.06476250e-01 0.00000000e+00
 5.74830057e-02 3.75976382e-02 5.15986949e-02 1.37366864e-01
 1.21654445e+00 8.53445485e-02 4.08972602e+00 0.00000000e+00]
6
1.0
[[nan]
 [nan]]
[2.44214319e-01 1.11366840e+01 2.05820171e-01 0.00000000e+00
 0.00000000e+00 2.58430753e-01 9.07218060e-01 3.48754522e-01
 1.82818211e-01 0.00000000e+00 1.23156504e+00 4.80412214e-01
 1.67422937e+00 2.56081681e-01 2.59634155e+00 3.20436624e-01
 0.00000000e+00 7.48517568e+00 0.00000000e+00 3.07762943e-01
 2.97639140e-01 5.58334449e-01 3.73532960e-01 0.00000000e+00
 2.58407697e+00 2.85902188e-01 2.67788292e-01 0.00000000e+00
 0.00000000e+00 0.00000000e+00 4.78047674e+00 0.00000000e+00
 0.00000000e+00 9.42854373e-01 0.00000000e+00 2.74586580e-01
 8.95126720e-01 5.01912954e-01 1.22622476e+00 3.45130943e+00
 1.60704204e+00 1.50896079e+00 2.64127736e-01 0.00000000e+00
 0.00000000e+00 0.00000000e+00 6.20025455e-01 2.50755623e+00
 0.00000000e+00 1.15738746e-01 4.72390772e-01 2.81686883e-01
 0.00000000e+00 2.92034621e-01 0.00000000e+00 4.84385165e-01
 3.19850516e-01 0.00000000e+00 2.42035364e-01 3.76606519e-01
 3.16793891e-01 1.50256143e-01 0.00000000e+00 0.00000000e+00
 3.56386522e-01 2.55752743e-01 3.67877983e-01 6.63712063e-02
 2.93266855e+00 0.00000000e+00 2.60813785e-01 0.00000000e+00
 2.53265240e-04 0.00000000e+00 2.23553407e-01 0.00000000e+00
 2.12935370e-01 2.56899360e-01 7.67534582e-01 9.66739357e-01
 2.59504908e-01 3.23118314e-01 0.00000000e+00 1.06528035e-01
 0.00000000e+00 2.60712220e-01 1.42646199e+00 1.38416612e-01
 4.76186108e-01 0.00000000e+00 7.37346768e+00 2.60685420e-01
 0.00000000e+00 4.80635355e-01 0.00000000e+00 2.85186683e+00
 4.90743297e+00 2.62377077e+00 5.02860834e-02 2.68731088e-01]
6
1.0
[[nan]
 [nan]]
[6.76868255e-02 6.73080188e-02 1.34018667e-01 0.00000000e+00
 8.03540858e-02 6.04684396e-01 0.00000000e+00 7.77981270e-02
 3.44683995e-01 4.19839629e+00 8.26486510e-01 6.78693781e-02
 0.00000000e+00 1.20806153e+00 6.72890439e-02 5.57930365e-01
 9.38077237e-01 6.73093753e-02 0.00000000e+00 0.00000000e+00
 2.26929510e+00 6.53856146e-02 0.00000000e+00 0.00000000e+00
 3.04443986e-01 0.00000000e+00 0.00000000e+00 0.00000000e+00
 0.00000000e+00 1.12457682e-01 6.73126489e-02 2.15711230e-01
 5.55238840e-02 2.29317624e-01 5.41649554e-01 1.94540043e-01
 9.21441055e+00 6.78660222e-02 1.17057936e-01 6.72964218e-02
 0.00000000e+00 7.22346099e-02 0.00000000e+00 6.73026246e-02
 9.67802002e+00 0.00000000e+00 4.60484093e-01 8.57204817e-01
 0.00000000e+00 2.39790638e+00 0.00000000e+00 1.74922943e+00
 6.69840879e-02 2.11346382e-01 0.00000000e+00 3.00035168e-01
 0.00000000e+00 1.49143695e-01 0.00000000e+00 0.00000000e+00
 5.10029197e-02 6.73153578e-02 5.54976799e-02 6.73109383e-02
 4.75626985e-01 6.79032471e+00 6.84046051e-02 8.68559322e-02
 1.05091306e-01 6.74734518e-02 7.52293499e-02 0.00000000e+00
 3.74948711e-01 0.00000000e+00 2.53241790e+00 1.98913324e+01
 7.71618130e-01 6.72978381e-02 6.86683835e-01 7.14150806e-02
 6.69336232e-02 2.27602349e-01 1.35119664e-01 0.00000000e+00
 7.05555044e-02 0.00000000e+00 0.00000000e+00 0.00000000e+00
 0.00000000e+00 0.00000000e+00 3.25074537e+00 6.94927249e-02
 0.00000000e+00 1.12312094e-02 6.73073895e-02 0.00000000e+00
 9.11143921e+00 6.72496498e-02 1.88291897e+00 5.79154629e-01]
6
1.0
[[nan]
 [nan]]
[0.00000000e+00 1.15083680e+01 4.17893312e+00 0.00000000e+00
 3.34220705e-01 1.30342379e-03 2.62489453e-01 1.47213208e+00
 0.00000000e+00 0.00000000e+00 2.92262972e-01 3.04660018e-01
 0.00000000e+00 3.16838075e-01 9.59152511e-01 2.88753479e-01
 2.88494656e-01 2.88529125e-01 2.36514266e-01 4.14893798e-01
 0.00000000e+00 2.88532738e-01 2.42912128e-01 3.12481442e-01
 3.25419245e-01 0.00000000e+00 0.00000000e+00 1.30289644e+00
 0.00000000e+00 0.00000000e+00 1.36341513e-01 0.00000000e+00
 2.63925192e-01 0.00000000e+00 2.88258292e-01 0.00000000e+00
 0.00000000e+00 1.15432492e+00 0.00000000e+00 2.76547105e-01
 2.60690452e-01 5.85607887e-01 7.26682400e-01 2.87814923e-01
 2.48386941e-01 7.70592350e-02 3.01263563e-01 0.00000000e+00
 0.00000000e+00 4.54340916e+00 2.88289081e-01 0.00000000e+00
 2.55748248e-01 2.88520212e-01 3.16199849e+00 2.88144178e-01
 2.15667325e+00 5.40371775e-01 3.15362576e-01 3.34936143e+00
 8.05445540e-01 7.58554246e-01 2.37469514e+00 2.75594539e-01
 2.88527075e-01 0.00000000e+00 1.43019049e-01 1.77718929e+00
 0.00000000e+00 0.00000000e+00 1.03725146e-01 1.52898053e+00
 2.88539397e-01 1.08602980e+00 2.88558182e-01 2.88527336e-01
 0.00000000e+00 2.88560756e-01 6.07935764e-01 0.00000000e+00
 3.36162189e-01 1.75141649e-01 0.00000000e+00 8.49232948e-02
 0.00000000e+00 0.00000000e+00 4.75765340e-01 0.00000000e+00
 2.33670444e-01 9.69021856e-01 1.58940603e-01 2.37082445e-01
 2.98896995e-01 0.00000000e+00 0.00000000e+00 3.98175690e-01
 0.00000000e+00 2.88509156e-01 3.91003261e-01 3.29894703e-01]
6
1.0
[[nan]
 [nan]]
[0.00000000e+00 1.11587673e-01 7.52571469e+00 4.33802212e-02
 8.25789741e-01 1.10624700e-01 5.41791869e-01 1.16046655e-01
 1.09601550e-01 0.00000000e+00 0.00000000e+00 1.20865628e-01
 9.06515199e-02 0.00000000e+00 0.00000000e+00 1.11962785e-01
 2.10574976e+00 0.00000000e+00 1.17605421e-01 1.10278487e-01
 0.00000000e+00 0.00000000e+00 3.91676045e+00 1.10845411e-01
 3.12931557e-01 3.39420179e-01 1.56284267e-01 1.10278720e-01
 3.66992725e-01 0.00000000e+00 1.16319037e-01 4.05376255e-01
 1.73536034e+00 0.00000000e+00 0.00000000e+00 0.00000000e+00
 0.00000000e+00 3.29816147e-01 9.04797527e-01 0.00000000e+00
 2.57550933e-01 1.57566483e+01 0.00000000e+00 1.62443220e-01
 1.57033344e+00 0.00000000e+00 2.61378817e-01 0.00000000e+00
 5.24469833e-02 0.00000000e+00 0.00000000e+00 1.11608505e+00
 7.60429457e-01 1.18610610e-01 1.04857929e-01 9.67789208e-02
 0.00000000e+00 0.00000000e+00 1.11377202e-01 6.94701981e-01
 3.43766261e-01 0.00000000e+00 4.59947566e+00 1.06570151e-01
 2.44045651e+00 0.00000000e+00 1.07027702e-01 5.65792937e-02
 1.87979416e+00 1.40470834e+00 0.00000000e+00 7.01573052e-02
 1.93635399e-02 4.03353586e-01 6.61382935e+00 1.09625488e-01
 1.04507083e-01 8.00591257e-02 0.00000000e+00 0.00000000e+00
 1.11428823e-01 1.11481062e-01 0.00000000e+00 0.00000000e+00
 5.88526059e-01 1.49173010e+00 5.07141578e+00 1.95680632e-01
 2.69326925e-01 0.00000000e+00 8.04118946e-02 0.00000000e+00
 1.24583035e+00 1.09222030e-01 1.10984837e-01 3.28012341e-01
 1.10275052e-01 1.88219166e+00 5.79738535e-03 6.53656554e-01]
6
1.0
[[nan]
 [nan]]
[0.00000000e+00 0.00000000e+00 0.00000000e+00 0.00000000e+00
 1.36055141e-01 1.17235148e-02 0.00000000e+00 2.69091007e-03
 1.86983700e-03 2.46451260e+00 9.60295882e+00 9.98226542e-02
 4.54383924e+00 3.30666770e+00 0.00000000e+00 6.92482480e-01
 0.00000000e+00 0.00000000e+00 1.55902429e+00 0.00000000e+00
 5.48762620e-02 5.53644765e-01 1.22229540e+00 2.54934357e-02
 0.00000000e+00 0.00000000e+00 4.25841733e-03 0.00000000e+00
 6.83819908e-03 9.79677045e-01 9.37785213e-03 2.94094671e-01
 2.56409898e+00 3.42490540e-01 2.29826066e-03 1.30163988e+00
 9.86257345e-01 1.06942309e+00 2.11373656e-03 6.91658305e-02
 0.00000000e+00 0.00000000e+00 2.45144537e-03 1.04419624e-02
 0.00000000e+00 8.98603207e-01 2.33856857e-01 0.00000000e+00
 6.17026836e-02 0.00000000e+00 1.08251936e+00 3.70919151e-04
 0.00000000e+00 1.58424505e-02 0.00000000e+00 7.01864650e-01
 0.00000000e+00 0.00000000e+00 1.78635764e-01 0.00000000e+00
 5.90452950e-02 0.00000000e+00 9.33318379e-02 0.00000000e+00
 3.69260895e-01 7.08838195e-03 0.00000000e+00 3.30754264e-02
 5.45923488e-01 0.00000000e+00 5.05328313e-01 4.47128498e-01
 9.42081678e-03 0.00000000e+00 2.00238968e-03 0.00000000e+00
 9.92410454e-03 1.54342084e+00 5.78276741e+00 4.95952885e-03
 6.53526546e-03 9.39422787e-02 3.33553966e+00 6.01593823e+00
 0.00000000e+00 2.23052455e-03 2.88858128e+00 1.14194468e-01
 1.60601484e+00 8.22871901e+00 0.00000000e+00 1.30438588e+00
 2.62873796e+00 7.90292130e-02 5.58928248e-01 9.14239298e-01
 2.29011677e+00 4.91262775e-01 7.73097936e-03 3.42862631e-01]
6
1.0
[[nan]
 [nan]]
[4.94362834e-02 0.00000000e+00 3.76834623e+00 0.00000000e+00
 3.19946047e-01 1.88590730e+00 0.00000000e+00 0.00000000e+00
 2.64170361e-02 2.00927251e-01 0.00000000e+00 1.53154853e-01
 5.60842696e-02 0.00000000e+00 5.64757717e-02 5.51013048e-01
 4.28570372e-02 6.31825537e-01 0.00000000e+00 6.56473451e-02
 0.00000000e+00 4.60327652e-02 5.49283301e-02 4.84787025e+00
 0.00000000e+00 5.41249679e+00 0.00000000e+00 5.62113066e-02
 0.00000000e+00 0.00000000e+00 0.00000000e+00 6.38434185e-02
 2.11531006e+00 2.33297311e-01 1.92546726e+00 6.19650968e+00
 7.85492514e-01 1.80530570e-02 1.31428037e+00 9.13163869e-02
 0.00000000e+00 5.62087199e-02 5.22264445e-02 5.54199210e-02
 5.62110443e-02 5.62079759e-02 0.00000000e+00 0.00000000e+00
 5.40046748e-02 0.00000000e+00 3.97523576e+00 4.97515626e-02
 4.18270981e+00 7.95548089e+00 1.07467902e+00 5.65390995e-01
 2.63353032e-01 0.00000000e+00 9.52232883e-01 2.17539410e-02
 2.24171543e+00 8.15478562e+00 0.00000000e+00 2.62531143e+00
 5.09532487e-02 0.00000000e+00 1.83379179e-02 0.00000000e+00
 3.84403533e-01 2.04735282e+00 0.00000000e+00 5.54519950e-02
 4.39568179e-03 0.00000000e+00 0.00000000e+00 3.48078479e-02
 0.00000000e+00 6.46153434e-02 1.58938398e+00 4.01982331e-02
 0.00000000e+00 6.33976059e+00 2.07786780e+00 6.05766952e-02
 9.68681057e-01 5.54312130e-02 0.00000000e+00 1.84330178e-01
 5.73766813e-02 5.42659500e+00 2.54138810e-01 0.00000000e+00
 5.60031477e-02 2.41458090e+00 2.94775139e+00 0.00000000e+00
 1.20535597e+00 4.92629019e-01 5.56969004e-02 0.00000000e+00]
6
1.0
[[nan]
 [nan]]
[2.66592985e-02 7.88699025e-03 0.00000000e+00 0.00000000e+00
 0.00000000e+00 3.94085711e-01 2.26689594e+00 3.82296072e-01
 7.80265854e-02 0.00000000e+00 9.16617977e-01 3.80959274e-02
 0.00000000e+00 4.29330403e-02 6.10872158e+00 8.38134123e-02
 2.76616100e-02 0.00000000e+00 0.00000000e+00 1.20532053e-01
 0.00000000e+00 1.20196965e+00 0.00000000e+00 1.09855061e+01
 3.87484244e-02 3.58507604e-02 3.63246650e-02 6.67974629e+00
 0.00000000e+00 0.00000000e+00 2.58313951e-01 0.00000000e+00
 7.51434168e+00 3.67398619e-02 1.38135306e-01 7.16205020e-02
 5.22989038e+00 5.71408287e-01 1.84630342e+00 6.52245714e-01
 1.16605864e-02 0.00000000e+00 4.57789826e-01 8.79701597e-02
 0.00000000e+00 0.00000000e+00 0.00000000e+00 8.31741643e-01
 3.70154885e-02 0.00000000e+00 0.00000000e+00 1.74607366e-01
 0.00000000e+00 1.08573552e-01 2.51749942e-02 0.00000000e+00
 0.00000000e+00 1.40040917e+00 0.00000000e+00 1.36303506e-01
 2.02373999e-01 1.11724968e-01 7.48061206e-01 8.34570344e+00
 4.58316818e-01 3.67588088e-02 3.46985035e-02 0.00000000e+00
 1.84018554e-02 3.99013779e-02 4.60129332e-01 3.78027468e-02
 3.31998737e-01 0.00000000e+00 0.00000000e+00 2.87933437e-01
 4.33844142e-02 1.71176178e+00 0.00000000e+00 0.00000000e+00
 1.31075846e-01 2.26002807e-01 6.90349715e-02 2.36673844e-01
 7.64087777e-02 2.46395177e-03 0.00000000e+00 3.69145199e-02
 1.90155438e+00 2.69579213e-02 3.82066375e-02 3.69574290e-02
 0.00000000e+00 6.07109618e-02 6.04245866e-02 2.65357799e+00
 3.64471018e-02 1.89189475e-01 0.00000000e+00 5.50407940e-02]
6
1.0
[[nan]
 [nan]]
[1.08401157e-01 1.06122324e-01 4.45376399e-02 7.10807734e+00
 0.00000000e+00 5.35438409e+00 0.00000000e+00 2.79766091e+00
 1.06802817e-01 0.00000000e+00 3.06415775e-01 2.45456918e-01
 0.00000000e+00 0.00000000e+00 0.00000000e+00 1.12585364e-01
 2.41634930e-01 9.12645922e-02 1.12138481e-01 0.00000000e+00
 0.00000000e+00 0.00000000e+00 0.00000000e+00 2.36170550e-01
 6.10674344e-01 0.00000000e+00 2.37605221e+00 0.00000000e+00
 1.63286756e-01 2.29125793e-01 0.00000000e+00 1.10396592e-01
 6.46213836e-01 0.00000000e+00 2.73530562e-01 0.00000000e+00
 1.07655445e-01 2.07434407e-03 0.00000000e+00 1.11213908e-01
 5.04531417e-01 0.00000000e+00 2.60816336e+00 9.75433897e+00
 1.29319580e-01 0.00000000e+00 0.00000000e+00 2.36399230e-01
 0.00000000e+00 2.03316070e+00 1.13603155e+00 1.12350004e-01
 0.00000000e+00 2.28712519e-01 0.00000000e+00 1.11033563e+00
 5.03999461e-01 7.64591563e-01 1.99349890e-01 5.73919542e-01
 1.07130023e-01 1.12763158e-01 1.27219987e-01 6.82187839e-02
 6.01081134e+00 6.29097000e-02 1.35813143e+00 8.74890168e-01
 0.00000000e+00 1.12399646e-01 0.00000000e+00 4.12355477e-02
 1.01747407e-01 1.59691144e+00 1.48335266e-01 1.12589736e-01
 0.00000000e+00 1.28839895e+00 0.00000000e+00 3.74949359e-03
 1.37281266e-01 1.75556536e-01 7.23855667e-02 1.26868320e+00
 0.00000000e+00 1.09065799e-01 1.09950615e-01 1.06459360e-01
 7.53104709e-02 1.29583995e-01 1.96703065e+00 0.00000000e+00
 1.06427779e-01 1.42843749e-01 0.00000000e+00 9.16870172e-02
 2.63877968e+00 0.00000000e+00 3.32316335e+00 3.13531459e-01]
6
1.0
[[nan]
 [nan]]
[2.46899609e-01 6.09576621e-01 2.39862401e-01 1.95153473e-01
 8.27500710e-01 2.61796351e-02 7.99741472e+00 2.44356974e-01
 2.48336748e-01 0.00000000e+00 1.59280945e+00 2.52049233e-01
 6.88134370e-01 0.00000000e+00 7.12506687e+00 0.00000000e+00
 1.18161890e-01 5.48833418e-03 0.00000000e+00 2.47581558e-01
 8.00584584e-02 0.00000000e+00 2.12464444e+00 8.74559266e-01
 0.00000000e+00 2.32501809e-01 6.17866170e+00 0.00000000e+00
 5.59376921e-01 0.00000000e+00 0.00000000e+00 0.00000000e+00
 5.71933658e-02 2.45023786e-01 0.00000000e+00 0.00000000e+00
 2.92366234e-01 2.73375320e-01 8.58433067e-01 0.00000000e+00
 1.19807097e-01 3.18248533e+00 8.34341113e-01 0.00000000e+00
 0.00000000e+00 2.35999568e-01 2.88369360e-01 1.56518487e+00
 2.37101130e-01 1.05030482e+01 0.00000000e+00 1.52225874e-01
 0.00000000e+00 0.00000000e+00 3.91959502e-01 0.00000000e+00
 3.20881859e-01 2.47274490e-01 4.54395734e+00 1.53736923e+00
 0.00000000e+00 2.94741882e-01 1.61624529e+00 7.36172465e-01
 3.80149209e-01 0.00000000e+00 1.04697807e+01 1.22090646e+00
 9.00830613e-01 3.46036625e-01 0.00000000e+00 2.47170715e-01
 2.73883845e+00 0.00000000e+00 0.00000000e+00 0.00000000e+00
 0.00000000e+00 1.59451316e-01 3.87186682e+00 6.29906818e-01
 2.47098525e-01 0.00000000e+00 4.34140167e-01 1.01151346e+00
 5.23285784e+00 2.06621441e+00 0.00000000e+00 0.00000000e+00
 7.75729180e+00 1.84352839e+00 1.52484417e+00 3.03677625e-01
 1.49493308e-01 1.89858584e-02 1.26963687e+01 1.68063471e+00
 0.00000000e+00 7.51691082e-01 1.48355214e-01 5.44381284e+00]
6
1.0
[[nan]
 [nan]]
[ 0.12298581  0.          0.          0.24232275  0.54421888  0.0621368
  2.64452074  1.03884502  0.55381829  0.          0.12378923  0.
  0.          0.13301081  0.41027113  0.13784599  0.          0.
  0.0892325   0.1059215   2.03091601  0.12474898  0.          0.13824085
  0.          0.13201819  0.43933572  0.          1.14908898 10.8486998
  0.          0.          0.          1.5481721   0.          0.
  0.16413782  0.36533388  0.11608834  0.          0.24214262  0.43644607
  0.          0.12263828  3.79083271  0.05398757  0.11657935  0.
  0.11524784  1.46045395  0.05536115  2.857023    0.35144857  0.66823694
  0.20600166  0.04219327  0.48264256  0.22121672  0.12264475  0.
  0.          0.11766853  0.48132948  0.85041647  0.          0.01730432
  0.1227515   0.12262696  1.0131705   0.122414    0.12263127  7.03436049
  0.14056214  0.53300895  0.12720625  0.          0.15001963  0.20572039
  0.20627568  0.16903204  4.46779179  0.58340999  0.12380899  0.
  2.0632735   0.12250892  1.16647255  0.          0.          0.
  0.25217567  0.          0.22604518  0.          0.12252303  5.61575645
  0.          0.          3.61933289  0.46013071]
6
1.0
[[nan]
 [nan]]
[ 0.79530533  5.96678722  0.14557648  0.08744245  0.10814536  0.
  0.10681228  0.          0.1588261   0.          0.          0.11544788
  0.10681084  0.          0.10691195  0.58851934  0.          0.10707421
  7.23217252  4.50733772  0.          0.04926112  0.17046826  0.08894008
  0.10317367  0.19549521  5.76990119  0.          0.          0.60841668
  0.10691214  0.10810367  0.6989502   0.25489285  1.05022341  0.10679937
  0.60582506  0.09140421  0.          0.          0.          0.12957647
  0.43171522  0.10687177  0.13051948  0.          0.          0.10734439
  0.          0.          0.          2.7667219   0.          0.
  0.1031827   2.80920429  2.1974295   0.91161767  6.97697652  0.
  0.          0.10542697 12.90078317  8.12614756  1.03586852  0.
  0.14754908  0.07449364  0.1784985   0.          4.32182765  0.62115164
  0.10691151  0.04842947  0.          2.67858754  0.84102128  0.43377163
  0.          0.01821214  0.76192855  2.10882629  0.21024413  0.
  0.          0.11220797  0.10707528  0.          0.          1.27908766
  0.66167935  1.42946813  5.13670349  5.37395789  5.50956371  1.80106636
  0.38599909  2.30533939  0.10733237  0.        ]
6
1.0
[[nan]
 [nan]]
[9.50348391e-01 8.83279642e-02 8.82000007e-02 8.81957291e-02
 0.00000000e+00 8.64479296e-03 7.71033771e-02 9.28929252e-02
 8.73749787e-02 5.24032735e-02 1.42663177e-01 9.22283984e-02
 8.98936968e-02 8.90419638e-02 3.69415640e+00 8.94502369e-02
 8.52849685e-02 2.91421180e-02 1.96095895e-01 3.57397305e-01
 6.82771525e-01 5.95870424e-01 8.44843528e-01 0.00000000e+00
 2.56591099e-01 2.04966534e+01 0.00000000e+00 1.03134916e-01
 0.00000000e+00 8.81853428e-02 1.35352437e-01 0.00000000e+00
 0.00000000e+00 0.00000000e+00 1.35211201e+00 0.00000000e+00
 8.50348823e-01 0.00000000e+00 8.69143790e-02 9.79587859e-02
 8.25797886e-02 1.60269535e-01 2.05791346e+00 1.21640769e-01
 8.89928188e-02 0.00000000e+00 2.25936959e-02 0.00000000e+00
 1.36258002e+00 0.00000000e+00 2.60686937e+00 1.89396770e-01
 1.05055563e+00 0.00000000e+00 2.65269988e-02 1.21651388e-01
 0.00000000e+00 5.28038529e-02 1.87023860e-01 7.77065715e+00
 9.71858911e-01 0.00000000e+00 8.58673839e-01 0.00000000e+00
 8.65955186e-02 0.00000000e+00 0.00000000e+00 0.00000000e+00
 3.37679903e+00 3.44630839e-01 2.65711249e-01 0.00000000e+00
 3.08951501e+01 8.76193749e-02 2.67250046e-01 1.53756787e+00
 9.78419345e-02 7.90061896e-02 0.00000000e+00 2.90582300e-01
 7.19323414e-02 9.76203278e-01 8.82858780e-02 0.00000000e+00
 0.00000000e+00 0.00000000e+00 3.53458392e-01 1.44232831e+00
 0.00000000e+00 7.60024816e-01 0.00000000e+00 1.82904021e-01
 0.00000000e+00 5.06238678e-02 0.00000000e+00 0.00000000e+00
 7.29358472e+00 4.24985537e-01 0.00000000e+00 2.75347825e+00]
6
1.0
[[nan]
 [nan]]
[0.00000000e+00 0.00000000e+00 1.06236780e+00 7.16408128e-01
 1.33215754e-01 9.35899956e-01 0.00000000e+00 6.16086427e+00
 1.34861996e-01 1.28391466e-01 1.34797667e-01 1.15318966e-01
 0.00000000e+00 1.00359700e+00 0.00000000e+00 3.90193144e-01
 0.00000000e+00 1.37186139e-01 0.00000000e+00 2.26280539e-01
 1.34998409e-01 3.35060145e-01 1.34796142e-01 0.00000000e+00
 0.00000000e+00 1.36095118e-01 1.34984360e-01 4.71131388e+00
 1.87993423e-01 1.32016070e-01 4.58674514e-01 1.33981589e-01
 4.26752577e+00 2.83315401e-01 0.00000000e+00 0.00000000e+00
 1.22450769e-01 0.00000000e+00 1.43865292e-01 4.87460869e+00
 0.00000000e+00 1.14499527e-01 9.29921459e-01 1.25149761e-01
 0.00000000e+00 2.63049143e-01 1.32289852e-01 0.00000000e+00
 1.30131830e-01 1.66282898e-01 1.66803691e-01 2.56161602e+00
 1.33968293e-01 0.00000000e+00 2.79646082e-02 1.34797589e-01
 1.34618186e-01 5.59865984e-01 0.00000000e+00 1.38327077e+00
 8.62708391e-02 5.18907325e+00 1.23803224e-01 2.49887522e+00
 2.48980048e-01 3.81850053e-01 1.34090747e-01 1.25932659e+01
 1.34859110e-01 1.71828675e-01 3.32435601e+00 0.00000000e+00
 1.67790282e+01 0.00000000e+00 1.97830995e-01 1.16071672e-01
 1.34760578e-01 2.16453670e-01 2.95619923e-01 0.00000000e+00
 0.00000000e+00 0.00000000e+00 4.65957354e-01 6.02489312e+00
 7.45062991e-03 0.00000000e+00 1.67887938e-01 1.86047090e-01
 0.00000000e+00 1.63957606e-01 2.67955223e-01 0.00000000e+00
 0.00000000e+00 0.00000000e+00 1.34796155e-01 0.00000000e+00
 7.29772187e+00 1.79626536e+00 0.00000000e+00 0.00000000e+00]
6
1.0
[[nan]
 [nan]]
[0.00000000e+00 4.57526411e+00 2.56463254e-01 6.30531253e-02
 0.00000000e+00 0.00000000e+00 1.31269239e-01 4.50801975e-01
 1.83982541e-01 0.00000000e+00 0.00000000e+00 1.61660728e-01
 0.00000000e+00 0.00000000e+00 4.65544639e-02 0.00000000e+00
 1.65063631e-01 1.62279336e+00 1.65890753e-01 1.98163947e-01
 8.21085632e-02 0.00000000e+00 5.30486941e+00 1.58907434e-01
 9.40926143e+00 7.46221663e+00 0.00000000e+00 4.78144859e-01
 6.28251976e-01 0.00000000e+00 0.00000000e+00 0.00000000e+00
 1.18860125e+00 0.00000000e+00 6.07468737e-02 1.44106824e-01
 2.75131943e+00 0.00000000e+00 7.96804560e-02 3.73060194e-01
 1.17406827e+00 6.40071319e+00 0.00000000e+00 3.64767116e+00
 7.51728430e-02 7.98490990e-02 6.07415783e-01 1.54199750e-01
 2.65939772e-01 1.06126723e+00 6.16189706e-02 4.60606237e-02
 8.08615185e-02 8.93419094e-02 3.23393063e-02 0.00000000e+00
 1.70660975e-01 2.46216715e-01 4.27467561e-01 6.65547986e-02
 0.00000000e+00 7.94242117e-02 5.45362461e-02 7.05377795e-01
 0.00000000e+00 0.00000000e+00 0.00000000e+00 3.73687499e-03
 0.00000000e+00 9.74800778e-01 5.72822398e-01 1.05079985e-01
 0.00000000e+00 1.46602640e+00 0.00000000e+00 8.07101077e-01
 6.72419096e-02 8.29297692e-02 0.00000000e+00 7.49604059e-01
 2.12040271e+00 2.00163291e-01 7.70396786e-02 3.01886443e-02
 3.28491220e-02 0.00000000e+00 4.29394281e-01 8.13249718e-02
 7.73497310e-01 9.37335976e-02 0.00000000e+00 7.58544673e-02
 7.67210364e+00 7.07527672e+00 1.23672461e-01 8.40501510e-02
 0.00000000e+00 0.00000000e+00 2.12201298e+00 0.00000000e+00]
6
1.0
[[nan]
 [nan]]
[9.35655428e-02 0.00000000e+00 1.47985749e-01 4.51748597e-02
 1.17110768e-01 1.79368897e-01 0.00000000e+00 4.77468412e-01
 1.28364907e-01 0.00000000e+00 6.92711430e-01 0.00000000e+00
 6.03057436e-01 2.40580541e-01 0.00000000e+00 1.69452360e+00
 1.31341850e+00 1.24499809e-01 0.00000000e+00 6.89260259e-01
 0.00000000e+00 1.24772208e-01 0.00000000e+00 1.08432597e-01
 3.82070890e-02 0.00000000e+00 3.46164560e-01 0.00000000e+00
 8.53780129e-02 0.00000000e+00 3.91272233e+00 0.00000000e+00
 0.00000000e+00 1.20289269e-01 0.00000000e+00 0.00000000e+00
 0.00000000e+00 0.00000000e+00 1.17745825e-01 0.00000000e+00
 0.00000000e+00 0.00000000e+00 1.23934536e+01 7.57273074e-02
 6.75522427e-02 3.11125675e-01 1.81723168e-01 5.91464674e-01
 1.17075476e-01 1.09303338e-01 1.17047637e-01 1.59099812e-01
 1.17197781e-01 0.00000000e+00 0.00000000e+00 0.00000000e+00
 1.01484361e-01 4.40969781e-03 5.11950761e-01 1.14125788e-01
 1.27742363e-03 6.77745761e+00 4.48615625e+00 2.73148235e-01
 0.00000000e+00 1.28920366e+00 0.00000000e+00 1.17111526e-01
 1.53357083e+00 0.00000000e+00 4.97638881e-01 1.17265138e-01
 1.52802226e-02 6.69985761e-01 1.15331176e-01 0.00000000e+00
 1.17147661e-01 6.90744733e-02 0.00000000e+00 1.22976801e-01
 2.23366072e-02 9.83211121e-02 2.19531027e-01 5.50226600e-01
 5.48779306e-01 1.37949539e-01 0.00000000e+00 1.18429449e-01
 1.21531690e-01 0.00000000e+00 9.39637905e-01 3.91435765e-02
 8.97125482e-02 5.31141160e+00 2.57530477e-01 2.84427100e-01
 1.16304665e-01 4.07053999e-01 9.77038955e-02 4.11393497e-02]
6
1.0
[[nan]
 [nan]]
[1.13063041e+00 1.59732376e-01 1.91581439e-01 0.00000000e+00
 1.73624982e-01 0.00000000e+00 1.44377959e-01 2.14237848e-01
 1.44710745e-01 7.58590689e-01 0.00000000e+00 2.55243689e+00
 1.95341972e-01 1.39743635e-01 4.36448016e-01 1.87054176e+00
 3.72686843e-01 0.00000000e+00 1.44717287e-01 2.65619621e+00
 0.00000000e+00 0.00000000e+00 0.00000000e+00 0.00000000e+00
 1.45473832e-01 0.00000000e+00 1.44256537e-01 1.79682591e-01
 0.00000000e+00 1.42298051e-01 5.87297525e-02 1.46515665e-01
 1.46054312e-01 2.86666480e+00 6.72026139e-02 1.52595734e-01
 0.00000000e+00 3.52353971e-02 6.20113175e-01 0.00000000e+00
 6.24349069e-02 0.00000000e+00 2.10090701e+00 4.42271615e-01
 1.51430294e-01 0.00000000e+00 0.00000000e+00 0.00000000e+00
 2.85894612e-01 1.10189042e-01 1.44914546e-01 5.90238699e-01
 3.90855606e-02 4.13611177e-01 0.00000000e+00 0.00000000e+00
 1.24592867e+00 4.49441805e+00 2.44030380e-02 3.34087985e-01
 9.59905229e+00 1.25955643e-01 6.87570526e+00 0.00000000e+00
 0.00000000e+00 1.63929826e+00 2.19851620e-01 0.00000000e+00
 1.24488449e-01 2.57780956e-01 0.00000000e+00 0.00000000e+00
 5.89014166e+00 0.00000000e+00 5.34703470e-01 0.00000000e+00
 3.29920360e-01 9.95171185e-01 7.62581754e-01 2.85182657e-01
 3.00872370e+00 1.55054630e-01 0.00000000e+00 1.59121473e-01
 7.18099137e-01 6.64162361e+00 0.00000000e+00 5.07549300e-01
 3.89590542e+00 1.74945272e-01 1.34642124e-01 5.99656482e+00
 0.00000000e+00 4.09789962e+00 0.00000000e+00 1.13167523e-01
 0.00000000e+00 5.91254654e-03 2.22377286e-01 1.80383421e-01]
6
1.0
[[nan]
 [nan]]
[0.00000000e+00 0.00000000e+00 6.80154559e+00 3.87156068e-01
 0.00000000e+00 0.00000000e+00 1.19932898e-01 1.25827692e-01
 1.95635263e-01 0.00000000e+00 0.00000000e+00 1.19211541e-01
 0.00000000e+00 0.00000000e+00 1.23478617e-01 4.27736958e-01
 0.00000000e+00 1.19618255e+00 3.97066658e+00 3.60056352e+00
 0.00000000e+00 0.00000000e+00 0.00000000e+00 0.00000000e+00
 4.39578565e-01 1.98303691e+00 2.19798447e+00 1.27965696e-01
 2.55329043e-01 1.60430928e+01 1.52509354e-01 8.85128719e-01
 1.19880756e-01 1.81427562e-01 8.29985547e-02 9.70796490e-02
 1.64704486e-01 4.02428147e+00 4.90098785e-02 1.00037467e+00
 1.58099274e-01 1.49617154e-01 0.00000000e+00 8.74677699e-02
 6.61576196e-01 8.76609969e-02 0.00000000e+00 5.29400761e+00
 6.05381338e-01 0.00000000e+00 2.89574865e-01 3.46959181e-01
 3.89105316e-02 1.75805858e-01 1.17457858e-01 1.84929815e-01
 0.00000000e+00 1.22156994e-01 1.54269699e-01 1.19765780e-01
 4.43893930e-01 2.48858013e+00 0.00000000e+00 0.00000000e+00
 3.16381270e-01 0.00000000e+00 0.00000000e+00 6.37845559e-01
 1.19818827e-01 2.59906753e-01 0.00000000e+00 0.00000000e+00
 2.94012078e-01 1.78468819e+00 4.21214539e+00 1.29471595e-01
 3.42470807e-01 1.07159602e+00 2.05063160e-01 3.12526466e+00
 1.19986989e-01 0.00000000e+00 9.32313915e-02 0.00000000e+00
 1.96717199e-01 0.00000000e+00 8.87550122e-01 0.00000000e+00
 1.24875829e-01 0.00000000e+00 2.96725428e-01 1.09320073e-01
 1.19725289e-01 0.00000000e+00 1.19605863e-01 0.00000000e+00
 3.16432127e-01 2.39939365e-01 4.41193230e+00 2.54829013e-03]
6
1.0
[[nan]
 [nan]]
[1.15377036e-01 1.44779276e-01 0.00000000e+00 2.87862645e-01
 1.54512836e-01 0.00000000e+00 0.00000000e+00 1.23481931e+00
 1.30775895e-01 1.36933668e-01 1.11367632e+00 9.92287683e-02
 1.23215757e-01 0.00000000e+00 1.44425104e-01 1.84613913e-01
 1.23983985e-01 1.45972213e-01 3.43128770e+01 2.80006889e-01
 0.00000000e+00 1.44580698e-01 2.47893483e-01 0.00000000e+00
 2.40809989e+00 8.35002331e-02 1.44536690e-01 0.00000000e+00
 0.00000000e+00 2.35706867e+00 3.29718050e-01 5.96401149e+00
 3.17402595e-01 0.00000000e+00 1.46053625e-01 9.10873071e-02
 1.36580299e-01 8.90019963e-01 0.00000000e+00 2.02895396e-01
 0.00000000e+00 3.04673480e+00 3.46928936e+00 0.00000000e+00
 2.55286343e-02 1.69761220e-01 1.45519610e-01 0.00000000e+00
 3.84246573e-01 0.00000000e+00 2.67982701e-01 1.44574001e-01
 1.97309593e-01 0.00000000e+00 0.00000000e+00 0.00000000e+00
 0.00000000e+00 3.39452453e-01 5.19523743e-01 0.00000000e+00
 8.62540239e-01 0.00000000e+00 2.35297439e-01 0.00000000e+00
 5.77572031e-02 9.79422984e-01 0.00000000e+00 7.22184198e-03
 1.70703171e+00 1.44758327e-01 5.62844162e-01 6.71433511e-01
 1.48659815e-01 1.43700714e+00 0.00000000e+00 0.00000000e+00
 0.00000000e+00 0.00000000e+00 1.28276764e+00 8.98541753e-01
 0.00000000e+00 5.81840943e-01 1.45934836e-01 1.39101804e-01
 9.16330753e-01 1.05032276e+00 5.28543161e+00 0.00000000e+00
 1.48821697e-01 0.00000000e+00 2.04660937e-01 1.42038246e-01
 1.64297717e-01 1.43680989e-01 2.24087714e-01 1.18916818e-01
 3.24796813e-01 1.34568649e-01 1.40558108e-01 0.00000000e+00]
6
1.0
[[nan]
 [nan]]
[2.90437364e-02 0.00000000e+00 1.00248920e+00 5.78502849e-02
 8.90704758e+00 8.08139757e-02 1.57720890e+00 0.00000000e+00
 5.22150489e-02 6.84459512e-02 0.00000000e+00 0.00000000e+00
 6.02102240e-02 0.00000000e+00 6.16372135e-02 3.35352108e-01
 0.00000000e+00 2.74241424e-01 6.44821660e-02 1.28790209e-01
 0.00000000e+00 1.62788936e-02 0.00000000e+00 0.00000000e+00
 1.06650244e+00 7.53574812e-02 5.84489971e-02 0.00000000e+00
 0.00000000e+00 2.48649926e-02 6.90890955e-02 0.00000000e+00
 7.52026082e-01 0.00000000e+00 3.82217707e-01 5.69857201e-02
 7.07053265e-02 5.75726718e-02 5.45872099e-01 2.05505796e-02
 9.64251753e-01 5.74132373e-02 1.55986611e+00 0.00000000e+00
 0.00000000e+00 0.00000000e+00 1.26300718e+01 8.84871408e+00
 8.22875394e+00 6.13567944e-02 4.41853940e+00 6.99382100e-02
 3.00296278e-01 5.03943026e-02 8.70240784e-01 5.78502857e-02
 4.78919117e-01 0.00000000e+00 1.64155905e-01 6.34907377e-01
 8.51816463e-03 0.00000000e+00 5.99542506e-02 5.79916523e-02
 1.22923507e+00 0.00000000e+00 5.56210208e-01 0.00000000e+00
 6.15523238e-01 1.21926626e-01 0.00000000e+00 1.62336657e+00
 5.78586067e-02 1.67956604e-01 0.00000000e+00 1.25106518e-01
 4.23942109e+00 4.85985378e+00 5.78486724e-02 0.00000000e+00
 7.44331887e-02 0.00000000e+00 7.37456489e-02 0.00000000e+00
 2.07988149e-01 0.00000000e+00 0.00000000e+00 0.00000000e+00
 5.55246790e-02 0.00000000e+00 1.16478656e+00 1.67355685e-01
 9.89275677e-02 1.52930823e-01 0.00000000e+00 3.42017145e-03
 5.91746116e-02 2.00498883e-01 5.81743218e-02 2.58292408e-01]
6
1.0
[[nan]
 [nan]]
[1.81003677e-01 4.49921813e+00 0.00000000e+00 1.07463491e-01
 7.09196653e-02 0.00000000e+00 2.62504545e+00 1.14053060e-01
 1.09226085e-01 1.06742299e-01 1.13342924e+00 3.02075604e-01
 0.00000000e+00 7.03618763e+00 1.30615161e-01 0.00000000e+00
 4.67270047e-01 1.46150785e+00 6.91367650e-02 0.00000000e+00
 9.59109220e-02 8.33021527e-01 0.00000000e+00 2.85237849e+00
 8.06566161e-03 0.00000000e+00 1.96914067e-01 1.30847510e-01
 3.35377960e-02 0.00000000e+00 2.79907831e+00 1.01065211e-01
 2.67303069e+00 6.74658467e-01 1.13021384e-01 0.00000000e+00
 0.00000000e+00 0.00000000e+00 1.06562059e-01 0.00000000e+00
 0.00000000e+00 0.00000000e+00 8.05833463e-02 1.09758605e-01
 1.06754742e-01 5.90716523e-04 1.03715945e-01 2.57153246e-02
 0.00000000e+00 3.02571441e+00 6.78713609e-02 0.00000000e+00
 1.06242250e-01 2.49009105e-01 6.41748777e-02 1.37767527e-01
 1.38821609e-01 4.58759648e+00 1.56890447e+00 5.74972512e+00
 0.00000000e+00 0.00000000e+00 1.32966942e-01 0.00000000e+00
 0.00000000e+00 1.06612973e-01 1.61885846e-01 4.70180502e-01
 3.64627295e+00 1.22035115e-01 2.22877035e+00 1.04593136e-01
 0.00000000e+00 2.62161438e+00 0.00000000e+00 1.99622207e-01
 0.00000000e+00 8.78095499e-01 0.00000000e+00 0.00000000e+00
 8.67682145e-01 3.06765016e-01 1.05309552e+00 1.23326766e+00
 0.00000000e+00 1.78634952e+00 3.23847279e-02 4.34482910e-03
 0.00000000e+00 0.00000000e+00 1.06869381e-01 1.08252994e-01
 0.00000000e+00 8.60466102e-02 1.17347389e-01 7.23594735e-02
 2.38171214e+00 3.73958145e-01 0.00000000e+00 1.09524840e-01]
6
1.0
[[nan]
 [nan]]
[0.00000000e+00 5.56821509e-02 0.00000000e+00 1.79643320e+00
 5.85478195e-02 0.00000000e+00 0.00000000e+00 1.04397975e-01
 2.64201554e-02 4.53830967e+00 0.00000000e+00 0.00000000e+00
 0.00000000e+00 0.00000000e+00 3.41678183e-02 5.73527882e-02
 5.14553171e+00 2.03636068e-01 6.06667459e-02 5.76457630e-02
 7.96052603e-02 2.90522507e+00 0.00000000e+00 3.15893534e-01
 5.73812795e-02 1.68914834e+00 0.00000000e+00 3.63469030e+00
 5.64371389e-02 1.52515238e-01 1.54304762e+00 6.73821544e-02
 6.34157211e+00 7.85560074e-01 5.74032630e-02 0.00000000e+00
 2.70676158e-01 0.00000000e+00 1.38276200e+00 3.09672002e-02
 0.00000000e+00 6.99670709e-02 1.07389028e-02 3.22026593e-01
 0.00000000e+00 1.77410762e-01 9.35325577e-02 1.59582406e-02
 1.28855768e+00 2.89081570e-01 3.13973303e+00 0.00000000e+00
 2.86502389e-02 5.74628518e-02 1.22590809e-01 3.50060702e-01
 5.76273145e-01 0.00000000e+00 2.08857408e+00 0.00000000e+00
 6.84415208e+00 3.60709052e-03 0.00000000e+00 2.97157776e-01
 1.93306453e-01 0.00000000e+00 0.00000000e+00 2.71913201e-02
 3.08572912e+00 0.00000000e+00 5.71116460e-01 0.00000000e+00
 9.35806171e-02 5.24748378e-01 7.52337237e-02 1.27935160e-01
 7.15860684e-02 5.50193756e-01 2.88133003e+00 5.78498959e-02
 0.00000000e+00 4.20593097e-01 6.71487816e-01 0.00000000e+00
 1.14182181e-01 1.15848756e-01 0.00000000e+00 1.43012682e+00
 5.60225175e-02 5.84644374e-02 0.00000000e+00 1.95199515e-01
 0.00000000e+00 1.30895313e-01 4.44085941e-01 0.00000000e+00
 0.00000000e+00 7.03285862e+00 7.77633110e+00 0.00000000e+00]
6
1.0
[[nan]
 [nan]]
[1.07500560e-01 2.16461696e-01 9.39667734e-01 1.91954828e-01
 2.12606665e-01 2.25044129e-01 9.85203465e-02 5.40841000e-01
 4.98199060e-02 0.00000000e+00 1.76516949e+00 4.42416700e-02
 3.49307473e-02 0.00000000e+00 5.40355787e-02 5.78805971e-02
 0.00000000e+00 0.00000000e+00 1.47399764e+00 0.00000000e+00
 2.05607454e-01 0.00000000e+00 2.33727925e-01 5.01192701e-02
 2.50599899e-01 2.62642244e-02 0.00000000e+00 5.06303878e+00
 5.64419177e-02 1.10438027e+00 5.73486253e-02 0.00000000e+00
 9.64901278e-02 4.81150619e-02 0.00000000e+00 8.71308637e-01
 2.26999426e-03 2.03880327e-01 0.00000000e+00 2.27059874e-01
 5.08998148e-02 2.71608849e+00 8.16021626e-01 5.01912290e-02
 0.00000000e+00 6.02922161e-02 6.92933354e+00 5.22807911e-02
 0.00000000e+00 2.87108138e+00 5.00480772e-02 5.53701612e-02
 0.00000000e+00 1.80396483e-01 7.36963979e-01 0.00000000e+00
 2.09901166e-01 0.00000000e+00 2.52486943e+00 0.00000000e+00
 7.45424532e-02 2.10970463e-01 1.44395913e-01 5.00255126e-02
 8.82198787e-02 0.00000000e+00 6.64777687e-02 0.00000000e+00
 0.00000000e+00 9.96629077e-02 5.03752777e-01 5.38056266e-02
 0.00000000e+00 6.80452081e+00 1.07928159e+00 2.74464944e-01
 1.53500332e+01 1.26115506e-02 4.65214098e-02 0.00000000e+00
 0.00000000e+00 0.00000000e+00 0.00000000e+00 7.17336827e-01
 5.04066691e-02 5.60375197e+00 5.01189797e-02 0.00000000e+00
 5.01195337e-02 1.34442144e-01 1.01920389e-01 0.00000000e+00
 2.51251385e+00 0.00000000e+00 0.00000000e+00 0.00000000e+00
 0.00000000e+00 1.26569466e+00 4.92415627e-02 5.78796852e-01]
6
1.0
[[nan]
 [nan]]
[0.00000000e+00 1.90164630e-02 0.00000000e+00 1.85149688e-02
 0.00000000e+00 5.38022361e-04 0.00000000e+00 1.11187140e+00
 0.00000000e+00 0.00000000e+00 1.46194973e+00 0.00000000e+00
 1.90575022e-02 1.55292469e-02 4.04233436e+00 0.00000000e+00
 0.00000000e+00 0.00000000e+00 1.82050362e-02 2.33650562e-02
 7.48784793e-01 9.87320885e-01 0.00000000e+00 1.09462428e-02
 1.90388971e-02 0.00000000e+00 3.72560393e-01 9.60223704e-02
 4.88657663e-01 1.93556896e-02 3.26146079e+00 8.25311939e-01
 2.67903934e-01 7.68458239e-01 0.00000000e+00 0.00000000e+00
 3.30221883e+00 2.12093205e-01 1.90066149e-02 1.92032103e-01
 0.00000000e+00 4.24011721e-01 1.76935858e-02 1.05099184e-01
 0.00000000e+00 1.86788650e+00 1.96641169e-02 2.98061127e-01
 3.06793729e+00 1.88281199e-02 0.00000000e+00 0.00000000e+00
 0.00000000e+00 1.90042420e-02 0.00000000e+00 1.51486719e-01
 0.00000000e+00 0.00000000e+00 1.84211567e+00 5.59168732e-01
 1.51673427e-02 0.00000000e+00 0.00000000e+00 2.05808329e+00
 2.38567647e-02 1.87596461e-02 1.12702588e+00 5.12579222e-01
 5.38454057e-02 1.90577127e+01 3.66698503e-01 7.22484287e-01
 0.00000000e+00 1.14211833e-01 5.14512071e-01 2.07586558e-02
 2.91092549e-02 0.00000000e+00 0.00000000e+00 1.25142267e-01
 6.04391089e-02 2.68726858e-02 1.35252672e-01 7.41662251e-01
 7.33333004e-02 1.49060767e-02 5.13712056e-02 0.00000000e+00
 4.54786191e-01 3.11977778e-01 4.64049896e+00 2.64207257e+00
 0.00000000e+00 1.41960540e-01 2.04405353e+00 0.00000000e+00
 4.22170200e-01 3.36158557e+00 1.92297737e-02 1.61353693e-02]
6
1.0
[[nan]
 [nan]]
[0.00000000e+00 2.31945688e-01 0.00000000e+00 9.05891967e-02
 0.00000000e+00 1.30811062e+01 1.00709933e-01 7.18436411e-02
 7.82002604e-02 0.00000000e+00 0.00000000e+00 1.00739803e-01
 6.49428039e-02 9.02244506e-02 4.09615266e-01 0.00000000e+00
 5.64393694e-02 9.72497672e-02 5.87310080e-02 8.61411357e-02
 1.28235345e-01 6.58333541e-04 1.85055775e+00 9.15108677e-02
 0.00000000e+00 1.66658813e+00 3.02271350e-01 0.00000000e+00
 3.02412902e-01 4.14843695e-01 2.63773221e+00 0.00000000e+00
 2.30300231e-02 4.28229874e-01 5.59491412e-02 2.56479705e-01
 3.97406218e+00 1.06664015e-01 9.20932792e-02 0.00000000e+00
 9.05513563e-02 9.06083634e-02 1.64026150e-01 7.63107993e-02
 7.27419622e-02 1.02958047e-01 1.09365897e+00 1.06519679e-01
 8.93885119e-01 0.00000000e+00 0.00000000e+00 1.72023894e-01
 8.54331163e-02 2.09570622e+00 2.11037763e-01 0.00000000e+00
 9.05883446e-02 4.44997615e-01 0.00000000e+00 0.00000000e+00
 0.00000000e+00 0.00000000e+00 0.00000000e+00 0.00000000e+00
 0.00000000e+00 4.08210527e-01 0.00000000e+00 0.00000000e+00
 9.64686939e-01 9.06343116e-02 1.25403156e-01 4.27182397e-01
 1.02572952e-01 8.53916935e-02 8.74614758e-02 6.21275936e-02
 1.82367647e-01 9.06069239e-02 0.00000000e+00 0.00000000e+00
 0.00000000e+00 0.00000000e+00 5.28478483e+00 0.00000000e+00
 2.87679651e+00 5.06666284e-02 0.00000000e+00 5.71308691e+00
 9.26530441e-01 9.09162015e-01 0.00000000e+00 2.65315553e-02
 0.00000000e+00 1.20834337e-01 9.18794638e-02 9.05893980e-02
 2.05284527e-01 9.05891746e-02 4.26218349e+00 1.65923515e-01]
6
1.0
[[nan]
 [nan]]
[3.42875770e-01 2.85365569e-01 0.00000000e+00 5.10521429e-01
 0.00000000e+00 6.28056152e+00 6.22972147e-01 3.40887564e-01
 0.00000000e+00 5.96750455e-01 5.49561887e-01 4.25015641e-01
 0.00000000e+00 2.72107731e-01 3.41217640e-01 3.41602528e-01
 2.22167810e+00 8.01325024e-01 2.72330845e-01 0.00000000e+00
 3.41248974e-01 9.02166864e+00 0.00000000e+00 0.00000000e+00
 0.00000000e+00 5.34230066e-01 0.00000000e+00 7.56723355e-01
 0.00000000e+00 0.00000000e+00 1.53700939e-01 7.77237008e-02
 1.16778614e-01 0.00000000e+00 3.46929876e-01 0.00000000e+00
 3.39897412e-01 6.53499722e-01 3.63013461e-01 9.22221870e-02
 3.86242567e-01 0.00000000e+00 2.31498342e+00 4.14164157e-01
 6.78825254e+00 0.00000000e+00 0.00000000e+00 3.80733470e-01
 1.22747316e+00 8.71782270e-03 6.58234030e+00 6.36930830e-01
 4.20425264e-01 2.53566429e-01 3.57609098e-01 3.52768010e-01
 6.19565822e-01 0.00000000e+00 3.79191733e-01 1.14726035e+00
 0.00000000e+00 0.00000000e+00 7.74090699e-01 3.09108812e-01
 3.40805241e-01 0.00000000e+00 3.31742505e-01 3.40639003e-01
 4.31886419e-01 0.00000000e+00 1.61533680e+01 1.11059195e+00
 3.41837296e-01 0.00000000e+00 2.04318383e+00 0.00000000e+00
 5.71387462e-01 2.50424583e+00 2.45417637e-01 0.00000000e+00
 0.00000000e+00 2.73126449e+00 2.88107203e+00 3.41608695e-01
 4.80886243e-01 1.32898167e+00 0.00000000e+00 3.41704472e-01
 6.70027249e-01 1.51005413e+00 3.41950614e-01 3.56445755e-01
 3.21866328e-01 0.00000000e+00 0.00000000e+00 1.55892992e+00
 3.52046948e-01 0.00000000e+00 3.49722307e-01 0.00000000e+00]
6
1.0
[[nan]
 [nan]]
[2.23866518e+00 2.23115503e-01 0.00000000e+00 1.17955141e+00
 2.51197878e-01 2.63550111e-01 0.00000000e+00 2.56940834e-01
 2.56385187e+00 1.20656061e+00 1.24843422e+00 4.48301116e-01
 0.00000000e+00 5.76150086e-01 0.00000000e+00 0.00000000e+00
 3.81959286e-01 0.00000000e+00 0.00000000e+00 3.04903835e-01
 0.00000000e+00 0.00000000e+00 0.00000000e+00 4.09240825e-01
 2.75913412e-01 1.20806728e-01 7.70561100e+00 2.69038612e+00
 0.00000000e+00 1.29711659e+01 0.00000000e+00 1.40706705e+00
 0.00000000e+00 2.37227019e-01 1.92709724e-01 1.05961544e-02
 2.16944063e-01 5.23758550e+00 9.83026080e-01 2.09408508e-01
 2.55819650e-01 0.00000000e+00 0.00000000e+00 2.55819613e-01
 0.00000000e+00 3.71938854e-01 2.69468099e-01 0.00000000e+00
 0.00000000e+00 1.15671983e+00 1.33933023e+01 2.85157519e+00
 2.78068195e+00 3.88047393e-01 0.00000000e+00 1.04781848e+00
 0.00000000e+00 2.67804622e-01 5.41396362e+00 2.68901879e-01
 3.06617016e-01 2.16928508e-01 6.12084317e-01 2.55820037e-01
 0.00000000e+00 0.00000000e+00 2.63402950e-01 1.45890791e+00
 5.01163541e-01 6.82472571e-02 0.00000000e+00 2.55816525e-01
 3.16866609e-01 0.00000000e+00 2.50845111e-01 2.45345619e-01
 8.36561858e-02 8.89694554e-01 2.55525859e-01 3.17338515e-01
 2.57126686e-01 2.97641960e-01 0.00000000e+00 1.22759899e+00
 7.45706915e-01 1.25036852e-01 0.00000000e+00 3.22097405e-01
 2.55492930e-01 0.00000000e+00 3.66724953e-01 3.12780248e-01
 4.99567841e+00 0.00000000e+00 2.88557707e-01 6.85963336e-01
 0.00000000e+00 6.77794382e-02 2.07573693e+00 0.00000000e+00]
6
1.0
[[nan]
 [nan]]
[1.21086092e-02 3.41017856e-01 6.90285602e-02 2.98825693e+00
 1.70885855e+00 1.12675467e-01 6.25512007e+00 6.74447568e+00
 2.92702991e+00 1.35665152e+01 6.17238930e+00 1.54339201e+00
 1.01909416e+01 0.00000000e+00 2.42628664e+00 4.63641640e-02
 0.00000000e+00 1.10363019e-01 5.06201651e-02 0.00000000e+00
 1.25477572e-01 5.47000909e-02 0.00000000e+00 5.90993316e-02
 0.00000000e+00 1.33776162e-01 1.81687665e-01 0.00000000e+00
 5.31525354e-02 9.19605915e+00 0.00000000e+00 1.45081251e-01
 8.50228746e+00 1.22291635e-02 9.98303412e-02 0.00000000e+00
 0.00000000e+00 8.34174252e-01 0.00000000e+00 4.40541918e-01
 1.96311500e-01 2.03482974e-02 2.66648819e-02 0.00000000e+00
 1.75693031e-02 1.51437043e-01 0.00000000e+00 5.03745346e-02
 0.00000000e+00 7.33255661e-02 2.22947988e-01 1.30856101e+00
 0.00000000e+00 2.68004794e-01 1.76899531e-01 9.25176632e-03
 0.00000000e+00 6.17574835e-02 0.00000000e+00 0.00000000e+00
 5.03732513e-02 5.28050197e+00 3.20245600e-02 0.00000000e+00
 1.00532163e-01 2.48323969e-01 0.00000000e+00 5.23368517e-01
 1.30737034e-01 4.72075680e+00 1.41272635e-01 0.00000000e+00
 4.83430265e-01 4.97242779e-02 1.45574114e-01 0.00000000e+00
 0.00000000e+00 1.92361345e-01 7.07644292e-01 4.65255010e-02
 4.59784397e-02 1.70610450e+00 6.03512202e-02 0.00000000e+00
 3.56460763e-02 0.00000000e+00 0.00000000e+00 0.00000000e+00
 0.00000000e+00 4.98356410e-02 6.62713701e-03 0.00000000e+00
 5.01859566e-02 0.00000000e+00 0.00000000e+00 5.29680729e+00
 2.03502071e-01 5.35933822e-02 5.25120663e-02 6.92852479e-01]
6
1.0
[[nan]
 [nan]]
[1.49224677e-01 1.50605252e-01 0.00000000e+00 1.60513173e-01
 5.43772225e+00 0.00000000e+00 1.72189433e-01 1.86067324e+00
 1.75179188e+00 1.56294096e-01 1.56313229e-01 9.01772635e-01
 1.55950611e-01 1.48373344e-01 2.27802354e-01 7.85517969e-02
 1.71971510e-01 1.48754089e-01 0.00000000e+00 0.00000000e+00
 1.86694677e-01 1.84393313e+00 0.00000000e+00 1.56233480e-01
 0.00000000e+00 1.85877381e-01 0.00000000e+00 1.88726595e-01
 1.56632625e-01 1.67588056e-01 1.54771882e-01 7.21658899e-01
 9.67921361e-02 2.29092223e-02 2.19700895e-01 6.11720388e+00
 1.64372912e+00 1.56340533e-01 0.00000000e+00 0.00000000e+00
 1.02536849e+00 4.38572250e-03 1.31559907e-01 0.00000000e+00
 0.00000000e+00 5.89286046e-01 0.00000000e+00 1.53240681e-01
 1.58269523e-01 5.54199300e-01 1.56337184e-01 1.56949259e-01
 0.00000000e+00 5.51300911e-01 0.00000000e+00 4.46433364e-01
 6.79547899e-01 0.00000000e+00 2.94911124e+00 0.00000000e+00
 1.33818465e+00 0.00000000e+00 5.45817471e-01 4.59714843e+00
 1.03558008e+00 1.00835023e+00 0.00000000e+00 2.57208928e-01
 0.00000000e+00 0.00000000e+00 1.48817965e+00 2.91063842e-01
 1.55367832e-01 1.46864489e-01 0.00000000e+00 1.56343820e-01
 1.41361080e+00 0.00000000e+00 0.00000000e+00 1.76094448e-01
 1.44653722e-01 1.55932887e-01 0.00000000e+00 0.00000000e+00
 1.59098865e+01 0.00000000e+00 1.56412267e-01 2.48424821e+00
 1.01384507e-01 1.58762783e-01 1.92086540e-01 0.00000000e+00
 0.00000000e+00 2.45994946e-01 8.15067300e-01 1.50570392e-01
 0.00000000e+00 0.00000000e+00 1.22544956e+00 1.85315863e+00]
6
1.0
[[nan]
 [nan]]
[6.11415455e+00 8.91708905e-02 0.00000000e+00 1.53899832e-01
 0.00000000e+00 1.52595858e-01 1.52757890e-01 1.50385924e-01
 2.08240677e-01 1.59783675e-01 6.80425703e-01 0.00000000e+00
 9.92076917e-01 0.00000000e+00 1.48067206e-01 2.72300174e-01
 1.52450405e-01 1.16560303e+00 5.79660973e-01 4.25087161e-01
 2.21669713e+00 1.61890318e-01 8.97140408e-02 9.00766453e+00
 9.72757646e+00 2.07189736e+00 0.00000000e+00 0.00000000e+00
 0.00000000e+00 1.14588059e-01 7.26190687e+00 0.00000000e+00
 1.95176742e-01 2.05733225e-01 2.37841048e-01 1.46110155e-01
 1.47714568e+00 3.30131153e+00 0.00000000e+00 4.59205479e+00
 0.00000000e+00 0.00000000e+00 1.51945417e-01 1.48405145e-01
 9.82740412e-02 7.30908232e-01 7.23576179e+00 1.57058503e-01
 0.00000000e+00 0.00000000e+00 1.29509648e-01 1.51934869e-01
 1.35243899e-01 0.00000000e+00 0.00000000e+00 0.00000000e+00
 9.28347612e-03 5.74084717e-01 4.06711294e-02 9.12185675e-01
 0.00000000e+00 0.00000000e+00 0.00000000e+00 6.66490881e-02
 5.79881143e+00 2.03079605e-01 0.00000000e+00 2.01275090e-01
 0.00000000e+00 4.64856027e-03 0.00000000e+00 1.36547976e-01
 1.52699814e-01 0.00000000e+00 8.13832727e+00 2.33163935e-01
 1.60467583e-01 1.69967265e+00 7.20026398e-01 6.71120800e+00
 1.66158381e+00 0.00000000e+00 0.00000000e+00 1.50515354e-01
 1.41826714e-01 0.00000000e+00 1.52936112e-01 0.00000000e+00
 1.62726967e+00 1.41827716e-01 2.52015356e-01 2.86336739e-01
 1.61549469e+01 3.61825462e-01 3.35716283e-01 0.00000000e+00
 2.79808206e+00 0.00000000e+00 2.17527447e-01 0.00000000e+00]
6
1.0
[[nan]
 [nan]]
[0.00000000e+00 0.00000000e+00 2.50920203e-01 2.17297830e-01
 2.61538958e-01 0.00000000e+00 2.41004523e-01 1.33395737e-01
 2.89311323e-01 6.99469789e-01 0.00000000e+00 0.00000000e+00
 3.01670258e-01 0.00000000e+00 0.00000000e+00 0.00000000e+00
 2.50574010e-01 2.50750560e-01 2.09726091e-01 2.30331090e+01
 0.00000000e+00 2.70454970e-01 2.50521527e-01 1.13096007e+00
 0.00000000e+00 0.00000000e+00 2.14285352e-01 0.00000000e+00
 2.52671193e-01 2.88513164e-01 0.00000000e+00 2.95059830e+00
 2.50508817e-01 2.50555939e-01 1.12161778e+00 1.93259543e-01
 6.61837926e-01 1.09320082e-02 1.53842525e-01 1.16761326e+01
 2.49208869e-01 2.50616555e-01 0.00000000e+00 0.00000000e+00
 0.00000000e+00 0.00000000e+00 0.00000000e+00 0.00000000e+00
 5.06833006e-01 2.45762386e-01 2.65556497e+00 3.94578590e-01
 4.01070824e-01 2.56949515e-01 0.00000000e+00 1.42998170e+00
 0.00000000e+00 2.20139746e-01 7.01621399e+00 0.00000000e+00
 6.40910163e-01 2.50603498e-01 2.13866784e+00 2.55497067e-01
 2.46447927e-01 5.83094384e-01 1.17191680e+00 2.51088472e-01
 2.46056695e+00 2.50440534e-01 0.00000000e+00 2.56742535e-01
 2.06888898e-01 7.11724661e-01 5.74202825e-01 0.00000000e+00
 3.03004706e-01 8.54725089e-01 7.73625275e-02 9.15214000e-01
 2.55010508e-01 0.00000000e+00 2.46650040e+00 5.51749033e-01
 0.00000000e+00 2.52862848e-01 2.51618177e-01 2.61933426e-01
 2.47802795e-02 0.00000000e+00 2.60589014e-01 0.00000000e+00
 0.00000000e+00 1.03455511e-01 2.43971771e-01 0.00000000e+00
 1.94085465e+00 2.10463422e-01 2.59782250e-01 1.98588965e-01]
6
1.0
[[nan]
 [nan]]
[ 0.2251841   0.20146419  2.72343207  0.20553014  0.70078191  0.
  0.          2.30393056  0.          0.          0.82032273  4.80871725
  0.31123889  3.61515102  1.16107896  0.          1.4717423   0.20616534
  0.          0.26599482  0.21898349  1.14910001  0.18312118  0.
  0.23817967  0.04919477  0.28786293  0.11800514  0.          0.02222001
  0.20654474  2.90574407  0.          0.26540166  0.93623098  0.44509198
  0.          0.18998151  0.          0.          0.20504426  0.19819274
  0.2054162   0.19849368  0.          0.77918514  0.18936728  0.20654445
  0.          0.          0.20629494  0.17834295  0.          0.10066389
  0.27741578  0.          0.          0.          8.38690624  0.21119039
  0.80920454  0.          0.16583378  0.9087678   0.          0.16669971
  0.20420417  0.20362551  0.          0.          2.80279456  0.
  0.20505393  0.18558535  0.          0.03348205  0.          0.24608297
  0.17021466  0.20613659  0.20543851  2.62486947  6.25974117  0.36014644
  0.          0.          0.14756659  0.05459848  0.29601659  0.03856337
  0.98430103  0.          0.20877659  0.09258828  0.7127835   1.55782663
  0.          1.57626872  0.717262   13.22434422]
6
1.0
[[nan]
 [nan]]
[1.20126412e-01 2.13780072e-01 7.31017299e-01 4.35239895e+00
 0.00000000e+00 1.25430521e-01 1.84909734e+01 2.16751883e-01
 3.37068886e+00 6.14770388e-02 0.00000000e+00 1.57018574e-01
 1.03419094e-01 5.78413680e-01 1.25825808e+00 1.04754919e+00
 0.00000000e+00 1.24040632e-01 5.81766156e-02 2.97063215e-01
 0.00000000e+00 2.18698227e+00 0.00000000e+00 1.29829366e-01
 0.00000000e+00 0.00000000e+00 0.00000000e+00 6.65729004e-01
 1.49917089e-01 1.25379192e-01 1.21778581e-01 2.34214234e-01
 6.04431729e+00 1.57437670e-01 1.28074396e-01 7.90678939e-03
 2.28261376e-01 5.23515574e-01 1.22235231e-01 0.00000000e+00
 1.61277782e+00 0.00000000e+00 0.00000000e+00 2.39696290e-01
 0.00000000e+00 4.05372589e-02 5.55053739e-02 1.21396304e-01
 0.00000000e+00 1.21862921e-01 8.31087700e-02 0.00000000e+00
 0.00000000e+00 0.00000000e+00 1.21478265e-01 3.43058245e-01
 0.00000000e+00 1.21887265e-01 5.20544733e-02 1.21887345e-01
 1.13525523e+01 4.10293724e+00 1.21888113e-01 0.00000000e+00
 0.00000000e+00 9.64809432e-02 0.00000000e+00 0.00000000e+00
 0.00000000e+00 3.41894151e-01 0.00000000e+00 1.98895303e-01
 4.17199709e-01 1.77791311e+00 1.21799716e-01 1.51704746e-01
 0.00000000e+00 1.28663760e-01 1.15375642e-01 1.06500063e-01
 5.80023835e-01 1.54184781e-01 1.70141405e+00 1.10985323e+01
 2.27501789e-01 0.00000000e+00 0.00000000e+00 3.43011470e-01
 1.88062848e-01 2.55215435e+00 2.19104586e-02 0.00000000e+00
 4.41349793e-01 0.00000000e+00 6.90156866e-02 1.57616497e-01
 0.00000000e+00 1.26570516e-01 0.00000000e+00 4.62452995e-02]
6
1.0
[[nan]
 [nan]]
[0.00000000e+00 1.11174381e-01 0.00000000e+00 3.09549205e+00
 0.00000000e+00 9.57515849e-01 2.64243676e+00 9.93107556e-02
 6.14592285e+00 5.55898549e-01 0.00000000e+00 9.94643774e-01
 4.56179672e-02 0.00000000e+00 1.15664640e-01 1.10425021e-01
 1.78334101e-01 7.34757343e-01 0.00000000e+00 1.10066387e-01
 6.30386868e-02 6.50377434e-01 8.63255611e-02 0.00000000e+00
 1.88203346e-01 5.03047848e-02 0.00000000e+00 1.07904208e+00
 0.00000000e+00 0.00000000e+00 0.00000000e+00 1.21884906e-01
 0.00000000e+00 1.09148852e+00 6.67160325e+00 1.26661316e-01
 0.00000000e+00 1.24746772e+00 1.47307746e+00 0.00000000e+00
 1.11612331e-01 0.00000000e+00 5.59040462e-01 0.00000000e+00
 1.14576028e-01 2.00404973e-01 1.87515796e-01 9.48370058e-02
 1.81078498e-01 2.43675310e+00 1.21329904e-03 0.00000000e+00
 9.54182191e-01 1.13464608e-01 0.00000000e+00 8.72065801e-02
 0.00000000e+00 0.00000000e+00 0.00000000e+00 7.55050810e-02
 2.15170669e+00 1.59975384e+00 2.61012373e+00 0.00000000e+00
 3.89129118e+00 5.99968382e-01 1.50784744e+01 7.28716897e-02
 4.96946654e-01 3.64444084e-01 4.85600315e+00 0.00000000e+00
 1.10296227e-01 1.79217077e-01 0.00000000e+00 1.11262698e-01
 6.33264437e+00 5.64479650e-03 6.92177926e-02 1.09421504e-01
 1.36724996e-01 0.00000000e+00 4.46197465e-01 1.08390210e-01
 3.36854919e-01 0.00000000e+00 0.00000000e+00 6.20144725e-02
 2.06362234e+00 1.39168151e-01 0.00000000e+00 6.93675567e-01
 3.21803020e+00 0.00000000e+00 4.54538592e-01 1.11664483e-01
 1.10212257e-01 0.00000000e+00 3.41418571e+00 1.57357788e+00]
6
1.0
[[nan]
 [nan]]
[ 0.79862863  0.14374024  0.09712145  0.15653459  0.          0.15153645
  0.          0.0935904   0.          1.13954703  0.47398461  1.74133155
  0.1982864   4.04356182  1.65163183  0.14986135  0.13399294  0.054659
  4.10047777  3.07123489  0.          0.70730027  0.          0.20426377
  2.19240283  0.15169956  0.24085038  0.          0.          0.
  4.15204393  0.17147476  1.09673193  3.35118465  0.15064637  0.04093954
  0.39283908  7.10140428  0.45420838  3.46968022  0.          0.68665684
  0.          7.97388935  0.          1.73797159  0.2927118   0.15232975
  1.53633775  2.91402253  0.          0.          3.49504484  3.4559276
  0.49837724  0.36340134  1.43601688  0.14870809  0.03890026  0.15237511
  6.86778309  0.          0.15182375  0.          0.          0.29983213
  2.65277974  0.14297511  0.          0.          1.21136019  0.04858018
  0.          0.          0.          0.17755494  0.         11.97753585
  1.0601907   0.          0.          2.2734267   0.15064206  0.
  0.          0.13560394  0.15114683  0.          0.43442769  1.75061054
  0.          4.83775238  0.08649921  2.95075218  0.          0.15963574
  0.09990245  3.74716576  0.          0.58956005]
6
1.0
[[nan]
 [nan]]
[1.01644532e+01 2.14694810e-01 8.64131193e-01 0.00000000e+00
 2.16587791e-01 1.05936855e+01 2.16081027e-01 1.80983029e-01
 0.00000000e+00 2.15767405e-01 0.00000000e+00 0.00000000e+00
 2.03901422e-01 0.00000000e+00 2.73567775e+00 2.15802035e-01
 1.09151176e+00 1.15875326e+01 9.58547765e-02 2.90848838e-01
 7.44590856e-02 2.21131318e-01 2.77137047e-01 0.00000000e+00
 2.32252291e-01 0.00000000e+00 1.01637153e+00 0.00000000e+00
 5.09459407e-02 3.42146450e-01 0.00000000e+00 3.31491689e-01
 3.42001375e-01 0.00000000e+00 2.61120840e+00 4.92625543e-01
 1.55761417e-01 2.14727593e-01 1.55867513e+00 1.93611716e-01
 1.27847919e+01 0.00000000e+00 1.31691935e+00 3.90882644e-01
 3.04130895e+00 0.00000000e+00 3.49628462e-01 9.81982772e-01
 2.20062809e-01 1.42005317e-01 4.26516949e+00 2.99516803e-01
 1.09842930e+00 2.10025922e+00 0.00000000e+00 0.00000000e+00
 2.62338441e-01 0.00000000e+00 0.00000000e+00 1.14520791e+01
 0.00000000e+00 2.18556034e-01 0.00000000e+00 0.00000000e+00
 1.71366383e-01 6.64525582e-01 0.00000000e+00 0.00000000e+00
 0.00000000e+00 3.58486801e-01 0.00000000e+00 0.00000000e+00
 2.24846401e-01 1.71767151e+00 1.24001614e-01 2.10274556e-01
 0.00000000e+00 6.83059390e+00 4.99014479e+00 4.15848915e-03
 1.57797409e-01 2.15782478e-01 2.10649462e-01 9.53094165e-01
 2.98694085e-01 2.29899875e-01 5.45639934e+00 2.15148448e-01
 2.14022091e-01 0.00000000e+00 1.91246033e-01 0.00000000e+00
 0.00000000e+00 3.28364073e+00 1.38128194e+00 0.00000000e+00
 2.22756446e-01 0.00000000e+00 4.36868839e-01 2.17629369e-01]
6
1.0
[[nan]
 [nan]]
[8.90009804e-02 0.00000000e+00 3.47859985e-01 0.00000000e+00
 1.29697111e-01 2.42483068e-01 1.57281276e+01 1.38605885e+01
 4.53428005e-01 8.30463754e-02 8.68598614e+00 8.83684134e-02
 3.14420661e-01 8.51385360e-01 0.00000000e+00 4.10845625e+00
 0.00000000e+00 0.00000000e+00 5.83236255e-01 0.00000000e+00
 0.00000000e+00 9.52800960e-02 0.00000000e+00 9.49083945e-02
 0.00000000e+00 0.00000000e+00 8.17736839e-02 8.78270377e-02
 3.24214823e-01 5.86140531e-01 9.91562489e-02 1.07445532e+00
 0.00000000e+00 2.36597400e-01 1.97499741e-01 0.00000000e+00
 9.16543453e-02 9.84899879e+00 6.58248670e-01 9.37886284e-02
 2.01104147e+00 3.39443961e+00 9.83468692e-02 1.60582747e-01
 4.57918112e-01 3.51647133e-01 9.81495439e-02 2.53301965e+00
 0.00000000e+00 7.81490347e-02 8.86087382e-02 0.00000000e+00
 0.00000000e+00 7.96795515e+00 5.92542706e-01 9.07444854e-02
 7.70518707e-01 1.78072619e+00 1.61620382e-01 0.00000000e+00
 8.82873114e-02 0.00000000e+00 5.72098917e-02 0.00000000e+00
 2.30162325e+00 0.00000000e+00 8.44195398e-02 0.00000000e+00
 0.00000000e+00 5.02110584e+00 8.15291734e+00 3.05080571e+00
 2.18187816e-01 1.63218681e+00 1.14010970e-01 1.71574480e-01
 8.69847170e-02 2.30157082e-01 3.45299390e-01 2.59415764e-03
 3.05943176e+00 0.00000000e+00 7.18901928e-01 4.21279343e-01
 0.00000000e+00 9.33906067e-01 0.00000000e+00 8.80690998e-01
 8.45282909e-02 0.00000000e+00 9.08312861e-02 7.77218229e-01
 0.00000000e+00 0.00000000e+00 0.00000000e+00 1.10467731e-01
 8.99466092e-02 0.00000000e+00 0.00000000e+00 9.45775619e-01]
6
1.0
[[nan]
 [nan]]
[3.34370793e-01 2.86211592e+00 6.85231992e+00 0.00000000e+00
 3.91596494e-02 0.00000000e+00 1.86390949e-01 4.74811676e-02
 0.00000000e+00 6.12555802e-01 1.12509966e+00 0.00000000e+00
 4.18224044e-01 4.02991088e-02 4.23377149e-02 0.00000000e+00
 0.00000000e+00 0.00000000e+00 8.32164155e-02 1.85649013e+00
 1.58925507e-01 0.00000000e+00 3.35123146e-03 0.00000000e+00
 3.29236790e-02 6.29835378e-02 1.04078666e+00 3.27170753e-01
 3.20795350e+00 0.00000000e+00 3.82358023e-02 0.00000000e+00
 0.00000000e+00 9.95986121e-02 7.10147308e-01 1.16646752e-01
 3.53234195e-02 3.80523762e-02 1.17254844e-01 0.00000000e+00
 3.87382391e-02 0.00000000e+00 6.34829010e-01 0.00000000e+00
 0.00000000e+00 7.14000814e-01 4.32151007e-02 0.00000000e+00
 3.86889668e-02 0.00000000e+00 0.00000000e+00 4.12909138e-02
 3.64296080e-02 1.53974385e-01 5.10834334e-02 6.35010293e-01
 4.35311081e+00 2.32183561e-01 1.06875444e-01 3.21939503e+00
 4.10695052e-01 5.85436220e+00 3.45010359e-02 0.00000000e+00
 1.46488214e-01 2.27882700e-02 4.52923910e-02 0.00000000e+00
 1.42409481e-02 2.01224100e-01 4.15932648e-02 1.38765388e-01
 0.00000000e+00 0.00000000e+00 3.90806647e-02 1.12984684e+00
 4.05467748e-01 1.17174236e-01 5.25226090e-02 0.00000000e+00
 1.81133166e-01 0.00000000e+00 0.00000000e+00 5.54222068e-02
 1.60920906e-01 0.00000000e+00 1.32542518e-01 6.62692155e-02
 8.21968796e-01 3.22444055e-01 8.99931639e-02 0.00000000e+00
 5.46209511e-02 0.00000000e+00 1.70064188e-01 2.31940028e+00
 5.61715207e+00 6.10725041e-01 0.00000000e+00 2.17185553e-01]
6
1.0
[[nan]
 [nan]]
