[[[-0.99899995 -0.9989982  -0.9989994  ... -0.8295049  -0.82721174
    0.99899995]
  [-0.99899995 -0.9989982  -0.9989994  ... -0.82968575 -0.8273279
    0.99899995]
  [-0.99899995 -0.9989989  -0.99899626 ... -0.8293026  -0.8273256
    0.99899995]
  ...
  [-0.99899995 -0.9989992  -0.9989981  ... -0.8296908  -0.8273327
    0.99899995]
  [-0.99899995 -0.99899715 -0.9989989  ... -0.829685   -0.82723576
    0.99899995]
  [-0.99899995 -0.998998   -0.9989982  ... -0.8293644  -0.8272111
    0.99899995]]

 [[-0.99899995 -0.9989983  -0.9989983  ... -0.82958984 -0.8273174
    0.99899995]
  [-0.99899995 -0.99899936 -0.99899757 ... -0.8296735  -0.82734215
    0.99899995]
  [-0.99899995 -0.9989975  -0.99899787 ... -0.8297644  -0.8272074
    0.99899995]
  ...
  [-0.99899995 -0.998997   -0.9989988  ... -0.8295723  -0.8272253
    0.99899995]
  [-0.99899995 -0.9989972  -0.9989985  ... -0.82957566 -0.82732636
    0.99899995]
  [-0.99899995 -0.9989943  -0.9989994  ... -0.8296711  -0.82732457
    0.99899995]]

 [[-0.99899995 -0.99899924 -0.9989981  ... -0.8296165  -0.8273332
    0.99899995]
  [-0.99899995 -0.9989997  -0.9989979  ... -0.82951385 -0.8273338
    0.99899995]
  [-0.99899995 -0.99899805 -0.9989992  ... -0.8295086  -0.82722044
    0.99899995]
  ...
  [-0.99899995 -0.9989959  -0.99899894 ... -0.82959497 -0.82732105
    0.99899995]
  [-0.99899995 -0.99899846 -0.9989962  ... -0.82957125 -0.8274436
    0.99899995]
  [-0.99899995 -0.99899703 -0.99899924 ... -0.8296812  -0.8273424
    0.99899995]]

 ...

 [[ 0.99899995  0.9989995   0.9989971  ...  0.99898636  0.9989755
    0.99899995]
  [ 0.99899995  0.9989983   0.99899757 ...  0.9989935   0.99896145
    0.99899995]
  [ 0.99899995  0.99899894  0.9989996  ...  0.9989953   0.9989853
    0.99899995]
  ...
  [ 0.99899995  0.99899924  0.9989989  ...  0.99899405  0.9989689
    0.99899995]
  [ 0.99899995  0.9989986   0.99899715 ...  0.99897265  0.9989688
    0.99899995]
  [ 0.99899995  0.9989976   0.9989973  ...  0.9989802   0.9989842
    0.99899995]]

 [[ 0.99899995  0.9989954   0.9989986  ...  0.9989708   0.9989495
    0.99899995]
  [ 0.99899995  0.9989954   0.9989976  ...  0.99899375  0.9989822
    0.99899995]
  [ 0.99899995  0.998997    0.9989955  ...  0.99897665  0.99895686
    0.99899995]
  ...
  [ 0.99899995  0.99899715  0.9989978  ...  0.99896413  0.99898523
    0.99899995]
  [ 0.99899995  0.9989983   0.998993   ...  0.99898016  0.99899775
    0.99899995]
  [ 0.99899995  0.9989993   0.9989926  ...  0.9989763   0.9989683
    0.99899995]]

 [[ 0.99899995  0.99899936  0.99899644 ...  0.9989728   0.9989831
    0.99899995]
  [ 0.99899995  0.9989983   0.99899936 ...  0.99896884  0.9989938
    0.99899995]
  [ 0.99899995  0.998998    0.9989992  ...  0.9989919   0.99895656
    0.99899995]
  ...
  [ 0.99899995  0.9989996   0.9989988  ...  0.9989757   0.9989899
    0.99899995]
  [ 0.99899995  0.99899703  0.998995   ...  0.9989646   0.99899024
    0.99899995]
  [ 0.99899995  0.99899834  0.99899876 ...  0.9989884   0.99899083
    0.99899995]]]
