[0.00000000e+00 0.00000000e+00 3.94450727e+00 9.04102044e-02
 8.62033119e-02 9.76501057e-02 2.34980538e-01 9.33207232e-02
 7.88797973e-02 4.41737361e+00 0.00000000e+00 9.52537683e-02
 2.42942571e+00 1.31993038e-01 1.70474083e+01 0.00000000e+00
 0.00000000e+00 0.00000000e+00 1.46700561e-01 9.22379140e-02
 0.00000000e+00 9.38411174e-02 9.23182302e-02 1.06189331e-01
 6.53674330e-02 0.00000000e+00 9.23444561e-02 3.07014942e+00
 1.54009005e-01 1.33663670e+00 0.00000000e+00 9.29414654e-02
 0.00000000e+00 2.44210544e-01 0.00000000e+00 5.13758685e+00
 9.22583822e-02 0.00000000e+00 0.00000000e+00 0.00000000e+00
 2.94152095e+00 1.00638961e-01 4.38325255e-01 4.11840749e-02
 9.04709353e-02 1.28270628e-01 0.00000000e+00 1.68887754e+00
 9.34680074e-02 1.27476227e-01 0.00000000e+00 5.00116128e-02
 8.20327120e-02 1.30981453e+01 6.11222493e-02 4.91894091e-02
 8.66847793e-02 2.84012342e+00 1.52000761e-01 2.18361072e-02
 1.12502035e-02 3.48725965e-01 8.46342354e+00 4.31402224e-01
 5.95414267e-02 0.00000000e+00 0.00000000e+00 0.00000000e+00
 0.00000000e+00 2.01343467e-01 0.00000000e+00 1.43520324e-01
 9.21139959e-02 0.00000000e+00 1.01774686e-01 0.00000000e+00
 1.14558864e+00 1.86005977e-01 1.78413930e-03 1.22233220e-01
 3.33287845e-01 1.15407741e-01 0.00000000e+00 2.03960782e+00
 0.00000000e+00 0.00000000e+00 9.29234315e-02 1.99580445e-01
 6.66550870e-02 0.00000000e+00 1.39142992e+00 2.07865453e+00
 1.17860046e-01 9.22192093e-02 3.55240563e-01 0.00000000e+00
 0.00000000e+00 7.64791470e+00 6.32103644e-01 0.00000000e+00]
6
1.0
[[nan]
 [nan]]
slurmstepd: error: *** JOB 1969368 ON c021 CANCELLED AT 2021-11-22T15:20:02 DUE TO TIME LIMIT ***
