[1.70998372e+00 0.00000000e+00 1.40798601e-01 8.20177496e-01
 4.24956612e-01 4.01676969e-01 4.24500407e-01 9.00812963e-01
 5.06694007e-01 4.24952236e-01 4.24425859e-01 0.00000000e+00
 0.00000000e+00 0.00000000e+00 5.46714198e+00 4.52587769e-01
 0.00000000e+00 4.40393528e-01 2.57943354e-02 4.43371764e-01
 1.01705631e+01 0.00000000e+00 8.05397067e-01 7.77951489e-01
 2.32739870e+00 7.29505215e+00 4.25931201e-01 0.00000000e+00
 4.25061087e-01 0.00000000e+00 2.98632220e-01 5.29698552e-01
 0.00000000e+00 6.76335586e-01 3.74131323e-01 4.22877343e+00
 4.06062136e-01 0.00000000e+00 0.00000000e+00 1.83368450e-02
 0.00000000e+00 0.00000000e+00 0.00000000e+00 0.00000000e+00
 2.78459693e+00 4.25294577e-01 4.24671621e-01 6.76042337e-01
 4.16622998e-01 1.97547895e+01 8.26209664e-01 5.07779238e+00
 0.00000000e+00 0.00000000e+00 0.00000000e+00 1.09207962e+00
 1.55089529e+00 1.05856036e+01 0.00000000e+00 7.55338862e-01
 4.99644909e-01 4.24578763e-01 1.28149762e+00 0.00000000e+00
 4.57797012e-01 4.26992021e-01 4.15039810e-01 0.00000000e+00
 0.00000000e+00 1.00271361e+00 4.19532772e-01 1.24074549e+00
 4.53114468e-01 8.37295165e-01 0.00000000e+00 2.99298073e-01
 0.00000000e+00 3.19444275e-01 0.00000000e+00 9.56988175e-01
 1.30492137e+00 9.56607984e-01 3.65053155e-01 1.92173767e-01
 1.40944889e+01 2.22253818e+00 0.00000000e+00 0.00000000e+00
 0.00000000e+00 0.00000000e+00 6.82112253e-01 4.25338176e-01
 8.17716996e+00 4.24953435e-01 1.53425791e-01 8.93674706e-02
 0.00000000e+00 1.32314232e+00 1.93930562e+00 2.68656869e+01]
6
1.0
[[nan]
 [nan]]
[[-0.9989968  -0.99899673 -0.99899673 ... -0.95173615 -0.9465165
  -0.94099295]
 [-0.9989983  -0.9989983  -0.9989972  ... -0.936606   -0.93067145
  -0.9243054 ]
 [-0.9989991  -0.9989969  -0.9989654  ... -0.919083   -0.9123639
  -0.9053992 ]
 ...
 [ 0.99899703  0.99899876  0.9989655  ...  0.9190586   0.91220033
   0.9052677 ]
 [ 0.9989972   0.99899167  0.9989972  ...  0.935424    0.9308361
   0.92204356]
 [ 0.99899894  0.9989995   0.99899906 ...  0.9512464   0.9468895
   0.922012  ]]
[1.04767485e-02 0.00000000e+00 3.26261449e-02 0.00000000e+00
 1.88464663e-01 3.77991775e+00 1.05335716e-01 0.00000000e+00
 0.00000000e+00 6.14941502e-01 5.33621157e-02 1.60539726e-01
 5.80557186e-01 0.00000000e+00 3.71614760e-01 2.12431536e-01
 0.00000000e+00 0.00000000e+00 6.92849263e-01 0.00000000e+00
 0.00000000e+00 1.06086511e-01 5.63492595e-02 4.65572163e-02
 1.59229294e-01 0.00000000e+00 9.11576249e-01 0.00000000e+00
 9.06197225e-02 1.56715759e+00 5.73073319e-02 3.27234210e-02
 2.26939295e-01 0.00000000e+00 0.00000000e+00 3.92863777e-02
 1.05423935e+00 2.47496062e+00 5.88776545e-02 8.37186253e-01
 6.49490755e-01 9.92796834e-01 8.55394188e-02 1.26042937e+01
 6.02928314e-02 5.85930581e-01 1.18416361e-01 1.83169135e-01
 9.36764571e-01 0.00000000e+00 0.00000000e+00 1.14691238e+01
 9.13543510e+00 7.67777937e-02 5.74059499e-02 3.80952428e-01
 0.00000000e+00 5.17887016e-01 6.34990740e-02 3.39873792e-02
 0.00000000e+00 5.90945527e-02 2.16509567e+01 1.97496971e-01
 0.00000000e+00 5.94693658e-02 0.00000000e+00 0.00000000e+00
 0.00000000e+00 1.36877584e-01 1.05978777e+00 1.61241016e-01
 1.20848462e-01 0.00000000e+00 0.00000000e+00 5.16890590e-02
 1.46436231e-01 1.93225189e-01 0.00000000e+00 0.00000000e+00
 2.13692446e-01 1.64548306e-01 4.65548939e-02 6.96323781e+00
 1.04104683e+00 5.89587659e-02 8.40604108e-01 5.93069823e-02
 4.47770705e-02 4.01959248e-02 0.00000000e+00 4.42257844e-02
 8.99167388e-01 2.44469948e-04 0.00000000e+00 4.27086619e-02
 0.00000000e+00 6.77062494e-02 0.00000000e+00 0.00000000e+00]
6
1.0
[[nan]
 [nan]]
[0.00000000e+00 1.10801774e+00 3.56890296e-01 1.91684611e-01
 0.00000000e+00 7.02385447e-01 3.21141768e-01 1.82504272e-01
 1.78408796e-01 1.77927297e-01 0.00000000e+00 0.00000000e+00
 0.00000000e+00 0.00000000e+00 0.00000000e+00 1.27062035e+01
 0.00000000e+00 1.46973808e-01 0.00000000e+00 0.00000000e+00
 0.00000000e+00 3.84370595e+00 1.79456006e-01 2.43881195e+00
 4.85695167e+00 0.00000000e+00 0.00000000e+00 1.63699525e+00
 1.88539813e-01 6.74827448e-01 1.84568242e+00 2.78668096e-01
 1.81570022e-01 1.77882867e-01 1.78313183e-01 0.00000000e+00
 1.78882172e-01 1.74117857e-01 1.78636604e-01 0.00000000e+00
 1.31797861e-01 5.16223822e+00 6.48733237e-03 1.78832634e-01
 0.00000000e+00 1.84825840e-01 5.61569464e-01 0.00000000e+00
 2.74048808e-01 1.75909524e-01 0.00000000e+00 3.45929928e+00
 1.43554959e-01 2.88376932e-02 3.47155912e-01 1.05540534e+01
 0.00000000e+00 1.79065870e-01 1.78856046e-01 4.84559840e-01
 2.18604637e-01 1.32187467e-01 1.35144251e+00 0.00000000e+00
 0.00000000e+00 0.00000000e+00 0.00000000e+00 9.57114274e-02
 0.00000000e+00 1.72938719e-01 7.44591414e-01 5.06607056e-01
 8.45358026e+00 0.00000000e+00 1.83322113e-01 1.78881623e-01
 0.00000000e+00 8.99464973e-02 1.50236391e-01 0.00000000e+00
 1.78853802e-01 0.00000000e+00 3.61902631e-01 3.18084619e-01
 1.82263127e-01 1.79187699e-01 2.38270319e-01 4.83042406e+01
 1.35885072e-01 2.88431361e+00 1.22583294e-01 3.99457693e+00
 7.05826326e-01 3.12505160e+00 1.67943470e-01 7.93572584e+00
 0.00000000e+00 1.74210949e-01 3.33326982e-01 0.00000000e+00]
6
1.0
[[nan]
 [nan]]
[2.82244056e-01 5.70117339e-01 0.00000000e+00 1.23385599e+00
 8.09241876e-02 2.54738635e+00 1.71254735e-02 0.00000000e+00
 0.00000000e+00 1.23328358e-01 1.14059225e-01 0.00000000e+00
 7.66411568e+00 1.14903387e-01 0.00000000e+00 6.02089534e-01
 0.00000000e+00 9.15438081e-02 9.24358435e-01 0.00000000e+00
 0.00000000e+00 1.43841085e+00 3.69577983e-01 0.00000000e+00
 0.00000000e+00 0.00000000e+00 1.22255352e+00 1.14326852e-01
 0.00000000e+00 1.46632795e-01 0.00000000e+00 0.00000000e+00
 0.00000000e+00 0.00000000e+00 1.62217472e+00 0.00000000e+00
 1.24303626e-01 7.59068242e+00 1.19530104e-01 1.49518176e-01
 9.88047975e-02 0.00000000e+00 2.15200674e+00 8.47470444e-02
 7.30657691e+00 3.10776655e+00 3.56282015e-02 1.16685984e-01
 1.45876409e+00 1.03431235e-01 1.14019227e-01 6.89953865e+00
 0.00000000e+00 1.10321412e-01 4.91503448e+00 9.15390480e+00
 2.97590676e-01 3.56814907e-01 9.06930435e-02 0.00000000e+00
 0.00000000e+00 0.00000000e+00 3.98595233e-01 7.08687847e+00
 0.00000000e+00 0.00000000e+00 1.29327250e+00 2.73272740e+00
 3.70018414e-01 9.88637812e-03 1.43573827e-01 1.05633119e-01
 1.39477662e-01 0.00000000e+00 9.53569825e-02 4.92447040e-01
 3.50606238e+00 1.14243316e-01 2.71148720e-02 1.14172030e+01
 3.64100400e-02 1.99541587e-01 3.57685171e+00 9.32870846e-02
 1.20581421e-01 2.32416053e-01 8.79009188e-01 2.49977869e-01
 0.00000000e+00 0.00000000e+00 8.78722875e-01 1.14000101e-01
 8.12615292e-01 0.00000000e+00 8.72583312e-02 1.49666989e-01
 4.97156431e-01 0.00000000e+00 1.14018438e-01 0.00000000e+00]
6
1.0
[[nan]
 [nan]]
[8.07545798e-01 1.46576890e-01 6.16728825e-01 0.00000000e+00
 0.00000000e+00 3.23137498e-01 9.34986727e+00 6.46727345e-01
 1.42136988e-01 2.99775828e+00 3.88317951e-01 9.70994119e-01
 1.18177325e-01 1.20514408e-01 2.74642798e-02 0.00000000e+00
 1.64337033e-01 0.00000000e+00 0.00000000e+00 0.00000000e+00
 1.44371777e-01 1.44340484e-01 3.78244671e-01 2.23433832e-01
 3.95007113e-01 2.47316913e-02 1.87463491e+00 0.00000000e+00
 0.00000000e+00 0.00000000e+00 2.14226792e+00 0.00000000e+00
 1.17277620e-01 4.01059183e-01 4.77565314e+00 1.16920881e-01
 1.42033167e-01 2.07476877e+00 8.47608352e-02 0.00000000e+00
 2.02043545e-01 0.00000000e+00 0.00000000e+00 1.44290789e-01
 0.00000000e+00 1.04808951e-01 1.38183793e-01 3.59519554e-01
 1.26513142e-01 1.45341040e-01 6.01084525e-02 1.80828455e-01
 0.00000000e+00 1.39929579e-02 0.00000000e+00 3.18572427e+00
 6.05594585e-02 6.03581846e-01 5.34087395e-01 0.00000000e+00
 5.56919926e+00 4.26226078e-01 1.18051203e+00 0.00000000e+00
 1.25734880e-01 0.00000000e+00 4.24285458e+00 0.00000000e+00
 1.56919119e-01 4.27096941e-02 0.00000000e+00 0.00000000e+00
 2.69399970e+00 0.00000000e+00 0.00000000e+00 5.34307474e+00
 0.00000000e+00 2.15738024e+00 1.47441308e-01 1.35293496e-01
 1.44388900e-01 0.00000000e+00 1.44570378e-01 0.00000000e+00
 5.08334878e-01 0.00000000e+00 1.02063031e-01 0.00000000e+00
 2.71889604e-01 1.22513183e+00 5.66782409e-01 5.09576197e-02
 1.05656284e+00 2.77725530e+00 6.49271990e-01 4.74820137e-04
 0.00000000e+00 1.36154778e+00 1.32363715e-01 1.44552295e-01]
6
1.0
[[nan]
 [nan]]
[0.00000000e+00 1.98628076e-02 2.88878202e-01 9.58387894e-01
 1.09371901e+00 1.11889614e-01 0.00000000e+00 0.00000000e+00
 1.13536947e-01 1.09263425e-01 3.67266984e-01 1.18047939e+00
 1.15304545e-01 5.82282176e-02 0.00000000e+00 1.11330265e-01
 0.00000000e+00 1.60946600e-01 0.00000000e+00 2.56128524e-01
 2.08774442e+00 4.65190190e+00 1.16603108e-01 0.00000000e+00
 1.13220075e+01 6.66571946e-01 2.67860342e-01 0.00000000e+00
 0.00000000e+00 1.07210632e-01 1.34124589e-01 0.00000000e+00
 1.13212528e-01 1.32170640e-01 1.04485421e+00 0.00000000e+00
 1.14120792e-01 1.51780943e-01 3.57058818e-01 3.15384332e+00
 1.00786181e-01 0.00000000e+00 2.71364680e+00 8.42576313e-01
 1.72378585e-01 1.58599670e+00 0.00000000e+00 0.00000000e+00
 1.19547233e-01 1.12953915e-01 0.00000000e+00 1.38198822e+00
 1.87932412e+00 1.59411104e+01 9.61395774e-02 1.74449046e-01
 0.00000000e+00 0.00000000e+00 1.21790692e-01 0.00000000e+00
 1.82594093e+00 1.11140404e-01 0.00000000e+00 1.21721284e-01
 0.00000000e+00 0.00000000e+00 1.26747343e-01 0.00000000e+00
 0.00000000e+00 3.42480258e+00 1.00888562e-01 0.00000000e+00
 8.50133499e-01 0.00000000e+00 0.00000000e+00 1.06202780e+00
 5.22138463e-01 2.59592542e+00 1.09583172e-01 0.00000000e+00
 1.01715467e-01 7.52536187e-02 8.16706884e-02 1.68632134e-01
 1.60947651e-01 2.29225667e-01 8.86449817e-02 2.13703338e+00
 0.00000000e+00 1.84055351e-01 2.88597151e+00 5.24935419e-02
 1.03290248e+00 7.29070262e-02 7.38491940e-02 1.11344473e-01
 5.59446570e-03 1.00005768e-01 0.00000000e+00 0.00000000e+00]
6
1.0
[[nan]
 [nan]]
[0.00000000e+00 3.73677328e-01 1.79566559e-01 0.00000000e+00
 1.63293195e-01 1.37461982e-01 2.33490678e+00 3.14163328e+00
 1.79675023e-01 0.00000000e+00 1.49854346e-01 1.43718239e-01
 0.00000000e+00 1.32527858e-01 1.62088880e-01 7.18582627e+00
 1.79427065e-01 1.09140870e-01 0.00000000e+00 0.00000000e+00
 3.11908719e+00 1.21233301e-01 7.57894164e-01 1.30316259e+01
 1.30772822e-01 3.32372534e-01 2.22117193e-01 0.00000000e+00
 0.00000000e+00 1.79534748e-01 2.84736374e-01 1.32671780e-01
 0.00000000e+00 4.50837935e-01 8.51669028e-01 1.97807142e-02
 0.00000000e+00 4.20110170e+00 0.00000000e+00 1.79483196e-01
 0.00000000e+00 6.61368742e-01 0.00000000e+00 2.03439045e-01
 9.56625423e-03 1.78263707e-01 0.00000000e+00 3.05183423e+00
 0.00000000e+00 1.85788949e-01 1.88729611e-01 4.69270701e-01
 9.66229726e+00 1.20822995e-01 2.14913002e-01 1.24250021e+00
 0.00000000e+00 2.00998932e-01 2.46934712e-01 0.00000000e+00
 1.61944581e+00 1.55490226e+00 0.00000000e+00 0.00000000e+00
 7.45611750e-01 5.92105089e+00 0.00000000e+00 0.00000000e+00
 1.63439399e-01 1.69727211e-01 0.00000000e+00 1.96784865e+00
 1.78429038e-01 1.98794957e-01 0.00000000e+00 0.00000000e+00
 1.50919727e-01 6.50644684e+00 0.00000000e+00 3.22588755e-01
 0.00000000e+00 8.97682624e+00 1.79289147e-01 5.85096570e-01
 1.89027090e-01 2.96643238e+00 0.00000000e+00 2.54938463e-01
 1.36759977e+00 1.33313584e+00 1.82865559e-01 1.69622592e-01
 7.25396509e+00 1.78012156e-01 0.00000000e+00 4.42238775e+00
 0.00000000e+00 0.00000000e+00 1.03224950e+00 2.50078715e+00]
6
1.0
[[nan]
 [nan]]
[1.01395013e+00 1.00990638e+00 2.15533849e+00 2.58926196e-01
 0.00000000e+00 2.99003902e-01 2.90485979e+00 0.00000000e+00
 1.45145502e+00 9.83745863e+00 0.00000000e+00 1.49406998e-01
 1.78890503e+00 5.74586166e+00 1.82734132e+00 3.21976257e-01
 1.68122530e+00 1.10002337e+01 0.00000000e+00 3.60379475e-01
 1.00248219e+01 0.00000000e+00 0.00000000e+00 3.44691095e-01
 8.45813895e-01 3.14889943e-01 3.22498663e-01 3.16815819e-01
 3.25685576e-01 3.25901522e-01 2.60066253e+00 0.00000000e+00
 0.00000000e+00 3.19302582e-01 0.00000000e+00 0.00000000e+00
 8.78700630e-01 0.00000000e+00 1.18379566e+00 0.00000000e+00
 0.00000000e+00 0.00000000e+00 3.21983575e-01 3.22526233e-01
 2.66278255e-01 0.00000000e+00 3.22713267e-01 3.21935326e-01
 4.32639688e-01 0.00000000e+00 4.81033936e+00 0.00000000e+00
 1.17502211e+00 2.58108161e-01 1.58895610e-01 9.48409264e-03
 2.31196194e+00 0.00000000e+00 3.35833488e-01 3.07637101e-01
 0.00000000e+00 1.06882081e+00 9.47948943e-01 3.12315789e-01
 3.86139680e-01 3.74692814e-01 3.38998682e-01 0.00000000e+00
 1.14738368e+00 0.00000000e+00 0.00000000e+00 0.00000000e+00
 3.37441495e-01 0.00000000e+00 2.96187507e-01 4.43769690e+00
 3.67925153e-01 3.00091201e-01 0.00000000e+00 0.00000000e+00
 0.00000000e+00 3.22117526e-01 1.12511368e+00 2.92572819e-01
 2.61597509e-01 2.90775555e-01 0.00000000e+00 0.00000000e+00
 3.94781831e-01 3.36592885e-01 3.38215674e-01 5.83721482e+00
 4.20901873e-01 2.03884641e+00 7.82182729e-01 0.00000000e+00
 3.17782546e-01 7.55225603e-01 2.59958327e-01 2.82820188e-01]
6
1.0
[[nan]
 [nan]]
[2.01685965e+00 2.46425237e-01 0.00000000e+00 1.70103858e-01
 1.71609414e-01 0.00000000e+00 1.60225592e-01 2.31114599e-01
 2.57515725e-01 0.00000000e+00 1.26423528e-01 4.19140266e-02
 2.94518252e-01 2.85894083e-01 6.43121338e-01 0.00000000e+00
 1.60966140e-01 0.00000000e+00 1.40641746e-01 2.94137578e-01
 0.00000000e+00 1.17744351e-01 1.76830004e-01 0.00000000e+00
 1.73497913e-01 0.00000000e+00 6.24056889e-03 4.27130925e-01
 0.00000000e+00 1.76813580e-01 0.00000000e+00 8.81497783e-01
 0.00000000e+00 0.00000000e+00 1.77229973e-01 2.08404777e-01
 1.71498622e-01 1.70269074e-01 4.84903142e-01 1.98313514e-01
 1.48365607e-01 0.00000000e+00 0.00000000e+00 1.99450621e-01
 9.06234256e-02 1.35533592e+00 1.65286437e-01 1.65898181e-01
 1.91056593e-01 8.74485147e+00 0.00000000e+00 0.00000000e+00
 1.71383926e-01 1.72509088e-01 1.71739263e-01 1.71851508e-01
 0.00000000e+00 1.51286639e-01 1.71262901e-01 0.00000000e+00
 1.86657157e-01 9.36223882e-03 5.26447727e-01 5.59338070e+00
 5.11506731e-02 1.36697773e-01 0.00000000e+00 0.00000000e+00
 0.00000000e+00 1.62510978e-01 3.92446102e-01 1.73169313e-01
 1.70468264e-01 0.00000000e+00 1.65535710e-01 4.66658547e+00
 0.00000000e+00 0.00000000e+00 0.00000000e+00 1.87377146e-01
 1.30322772e+00 3.99909660e-01 1.56771603e-01 1.02187020e+00
 0.00000000e+00 1.57668976e-01 1.02659923e+01 1.22813842e-01
 3.61707752e-01 6.66692330e-01 1.52885351e-01 5.67290947e-02
 0.00000000e+00 1.18454872e+00 1.29491240e-01 0.00000000e+00
 0.00000000e+00 1.73246782e-01 0.00000000e+00 4.37527884e+00]
6
1.0
[[nan]
 [nan]]
[2.40350818e-01 0.00000000e+00 3.04603513e-01 1.08350075e+00
 2.95079183e-01 3.31190436e-01 5.80571350e-01 4.50719541e+00
 0.00000000e+00 2.42888743e+00 2.98562123e-01 0.00000000e+00
 3.20579144e-01 1.50996224e+00 3.15840025e-01 0.00000000e+00
 0.00000000e+00 1.68322316e+00 2.28153971e-01 0.00000000e+00
 0.00000000e+00 3.36453105e+01 9.16747925e-01 1.74893914e-01
 2.80949909e-01 3.85947570e-01 0.00000000e+00 0.00000000e+00
 8.33625373e-02 0.00000000e+00 2.19484370e+00 3.07871681e-01
 2.83110895e-01 0.00000000e+00 2.93347103e-01 0.00000000e+00
 3.48855575e-01 1.69186150e+00 7.81391715e-01 3.02110781e-01
 8.49589596e+00 1.02629468e-02 2.95601957e-01 2.83426967e-01
 3.02110479e-01 0.00000000e+00 0.00000000e+00 0.00000000e+00
 3.19988156e-01 2.63431345e-01 1.10771975e+00 2.97700608e-01
 1.00583991e+00 2.92323893e-01 0.00000000e+00 3.05095932e-01
 0.00000000e+00 0.00000000e+00 2.92103870e-01 3.01801555e-01
 0.00000000e+00 2.07103709e+00 2.84976208e-01 3.02094198e-01
 2.93680297e-01 0.00000000e+00 1.54443043e-01 5.46672619e-01
 3.02134814e-01 4.64455456e-03 3.18052279e-01 3.97132599e+00
 2.92739908e-01 5.31006594e-01 2.74336802e-01 0.00000000e+00
 0.00000000e+00 1.65806085e-01 3.10592167e-01 1.64667703e+00
 5.61515671e+00 0.00000000e+00 1.43295802e+01 2.72594861e-01
 6.62314108e+00 3.76837589e+00 0.00000000e+00 0.00000000e+00
 8.65573584e-01 5.36069644e-01 5.53827806e-01 5.01124260e+00
 1.51832018e+00 3.52746926e-01 0.00000000e+00 0.00000000e+00
 0.00000000e+00 0.00000000e+00 3.02094380e-01 0.00000000e+00]
6
1.0
[[nan]
 [nan]]
[0.00000000e+00 4.53409331e-02 0.00000000e+00 1.79842065e+00
 3.01967523e+00 4.50987423e-02 4.21773615e-02 0.00000000e+00
 4.38618610e-02 5.69629612e-02 1.43484106e+00 1.50930710e+00
 3.20193642e+00 1.31356446e+01 0.00000000e+00 0.00000000e+00
 4.18086693e+00 2.48113524e+00 1.55100060e+00 1.02800945e+00
 0.00000000e+00 4.72924100e-02 2.21844101e-02 0.00000000e+00
 2.39088769e-01 1.34861288e-01 0.00000000e+00 3.37435838e+00
 0.00000000e+00 1.29859910e+00 0.00000000e+00 0.00000000e+00
 2.43349962e-01 8.80117801e-01 0.00000000e+00 4.08421962e-01
 0.00000000e+00 6.02214694e-02 1.18876474e-01 4.57955160e-02
 1.43073045e-01 3.55808823e-02 4.41122750e-01 2.84030679e-01
 0.00000000e+00 9.16439457e-02 3.58351051e+00 0.00000000e+00
 1.50109365e+00 9.40634092e-03 3.15069607e-02 2.66274978e+00
 0.00000000e+00 6.79345494e+00 0.00000000e+00 1.22687856e+00
 1.83556266e-02 1.32970253e+00 0.00000000e+00 4.62919267e-02
 0.00000000e+00 0.00000000e+00 1.21650481e-02 3.22413607e-02
 1.97410075e+00 5.32238225e-02 4.64895550e-02 0.00000000e+00
 4.53152494e-02 8.51859279e+00 0.00000000e+00 0.00000000e+00
 4.18104919e-02 0.00000000e+00 5.55845332e-01 7.41160435e-02
 3.76890289e-02 2.02613624e-01 4.07877715e-01 4.67695943e-02
 1.32551426e+00 2.17280216e-02 2.84035514e-03 5.32817577e-02
 0.00000000e+00 7.80951528e-02 5.47844336e-02 1.07572546e+00
 0.00000000e+00 1.36225663e+00 1.39835643e-01 5.51124838e-01
 9.18299139e-02 0.00000000e+00 8.30008922e-01 0.00000000e+00
 0.00000000e+00 3.93394233e+00 0.00000000e+00 4.03535904e-02]
6
1.0
[[nan]
 [nan]]
[5.19267737e-02 4.28752395e-02 6.48275732e-02 0.00000000e+00
 5.93513862e-02 1.85694048e-01 6.09572467e-02 5.74407033e-02
 7.70184555e-01 5.07872874e-03 0.00000000e+00 0.00000000e+00
 0.00000000e+00 3.11585166e+00 9.86043614e-02 0.00000000e+00
 0.00000000e+00 4.06777079e-02 2.10759868e-01 1.17717791e+00
 0.00000000e+00 6.19906165e+00 0.00000000e+00 5.48499935e-02
 3.15347838e+00 1.58812608e+00 8.07070114e+00 1.58895671e-01
 0.00000000e+00 8.21624510e-01 4.48587095e-01 8.10536679e+00
 1.89974722e+00 2.65354968e+00 1.92322422e+00 6.48289121e-02
 2.86608100e+00 5.66192276e-02 0.00000000e+00 0.00000000e+00
 2.29390274e-01 4.75184993e-02 4.58690132e-02 0.00000000e+00
 7.95622665e-01 1.17314597e+00 3.85015801e-01 0.00000000e+00
 8.32936587e-02 0.00000000e+00 1.84400224e-01 4.35521766e-01
 0.00000000e+00 5.74135047e-02 6.16118825e-02 2.16071826e+00
 5.74803792e-02 5.74825734e-02 3.93586555e+00 2.01194536e-01
 5.55432423e-01 3.75808904e-02 0.00000000e+00 5.75038344e-02
 6.72952943e-02 6.68257039e-01 5.74723025e-02 0.00000000e+00
 5.74972486e-02 3.40808569e-01 4.78442422e-02 0.00000000e+00
 0.00000000e+00 6.95250597e+00 0.00000000e+00 5.74562310e-02
 2.61136964e-02 0.00000000e+00 5.64370507e+00 3.22368531e+00
 0.00000000e+00 0.00000000e+00 6.59629616e-01 1.35059146e+00
 4.04677873e-02 0.00000000e+00 0.00000000e+00 9.33577166e-02
 8.03122166e-02 0.00000000e+00 6.43606555e+00 0.00000000e+00
 0.00000000e+00 0.00000000e+00 5.72739481e-02 5.75511098e-02
 5.61066276e-01 1.70878053e+00 0.00000000e+00 6.59641646e+00]
6
1.0
[[nan]
 [nan]]
[5.30246399e-01 5.88904344e-01 0.00000000e+00 1.05871757e+01
 0.00000000e+00 0.00000000e+00 0.00000000e+00 5.76041327e-01
 4.92015266e-01 0.00000000e+00 0.00000000e+00 5.39927981e-01
 5.31963983e-01 2.39625920e+00 1.06992017e+00 4.53230222e-01
 0.00000000e+00 9.64150988e-01 0.00000000e+00 6.24793393e-02
 0.00000000e+00 5.34234479e-01 4.41509827e-01 5.36609299e-01
 5.52128965e-01 5.43088077e-01 4.31882027e-01 4.93298758e-01
 3.86513982e+00 6.06286495e+00 0.00000000e+00 4.19278790e+00
 6.81427786e-02 4.24658849e-01 0.00000000e+00 0.00000000e+00
 1.98450690e+00 3.42699451e+00 3.45270043e+00 0.00000000e+00
 0.00000000e+00 5.33901446e-01 3.24250170e+00 0.00000000e+00
 5.27906724e-01 5.64369923e-01 0.00000000e+00 0.00000000e+00
 5.33271407e-01 0.00000000e+00 5.75932538e-01 0.00000000e+00
 5.29468621e-01 1.58810888e-01 3.38170006e+00 5.43664888e-01
 1.03757868e-02 5.82873526e+00 0.00000000e+00 5.24082676e-01
 0.00000000e+00 0.00000000e+00 1.32836083e+00 1.15890003e+00
 1.35611663e-01 0.00000000e+00 2.54234447e+00 1.27039394e+01
 0.00000000e+00 5.25017340e+00 5.32294346e-01 0.00000000e+00
 1.11041342e+00 5.30772365e-01 0.00000000e+00 5.31645850e-01
 5.53001350e+00 1.70278520e+00 6.46257683e+00 0.00000000e+00
 6.28832208e-01 5.29748299e-01 5.78124832e-01 6.02381578e-01
 4.21586913e+00 7.10592835e+00 5.22796311e-01 6.01457529e-01
 2.15158347e+00 0.00000000e+00 5.07447071e-01 1.26962242e+00
 4.20085268e+00 7.79377690e-01 5.61635004e-01 6.16471394e-01
 0.00000000e+00 1.64128533e+01 5.33842249e-01 0.00000000e+00]
6
1.0
[[nan]
 [nan]]
[4.19580756e-02 0.00000000e+00 0.00000000e+00 3.67839217e-02
 0.00000000e+00 1.73986678e-01 4.59854684e-02 0.00000000e+00
 3.58510714e-02 4.62788855e+00 1.45549664e+00 1.62461008e-01
 3.72975233e-01 4.17564869e-02 1.17480993e+00 3.48877794e-02
 0.00000000e+00 3.17237986e-02 6.13825700e+00 0.00000000e+00
 3.02888046e-02 0.00000000e+00 3.51307962e+00 4.92563802e-01
 3.73298617e-02 0.00000000e+00 0.00000000e+00 8.48927133e-01
 0.00000000e+00 0.00000000e+00 2.74145815e-02 0.00000000e+00
 2.05612672e+00 3.62937532e-02 3.26586829e+00 3.29404255e-02
 0.00000000e+00 1.24744333e+00 0.00000000e+00 2.09928857e-01
 3.55233272e+00 1.42749037e-01 1.54858133e-02 4.11371926e-02
 3.71844945e+00 3.13297773e-02 3.62593647e-02 0.00000000e+00
 3.34241954e-02 7.02150331e-01 3.46342336e+00 2.42802499e+00
 0.00000000e+00 0.00000000e+00 5.58721076e-04 0.00000000e+00
 3.62471311e-02 9.48493335e-01 1.99022588e+00 7.04085810e-01
 3.62597823e-02 2.63701375e+00 0.00000000e+00 5.66216216e-02
 0.00000000e+00 4.45823129e-02 0.00000000e+00 1.69248706e+00
 3.75502732e-02 5.58343112e-02 2.88145274e-01 1.87748641e+00
 0.00000000e+00 5.92066965e+00 3.06162264e-01 1.34802457e-01
 2.86769812e-02 4.21614149e+00 2.19559925e-01 0.00000000e+00
 4.14231200e-02 2.98665566e-01 3.87125110e-02 1.45798728e-02
 0.00000000e+00 0.00000000e+00 5.88344181e-02 1.75547425e+00
 3.40054935e-02 0.00000000e+00 0.00000000e+00 6.69605353e-02
 0.00000000e+00 4.71613319e+00 3.62589610e-02 1.02891699e-01
 0.00000000e+00 1.47454004e-01 3.79633995e-02 0.00000000e+00]
6
1.0
[[nan]
 [nan]]
[3.35689296e+00 0.00000000e+00 1.16691810e-01 0.00000000e+00
 2.73806693e-01 2.04629214e-01 0.00000000e+00 0.00000000e+00
 1.41612324e-01 1.92742446e-03 1.41604513e-01 1.41608334e-01
 1.41644407e-01 0.00000000e+00 1.26845718e-01 1.93851060e-02
 1.42475708e-01 1.41712788e-01 1.44033354e-01 1.52962229e-01
 1.41329118e-01 1.45107925e-01 5.74615516e-01 6.71677269e-01
 1.02611587e-01 8.51915750e-01 1.41752216e+01 2.36332505e-01
 0.00000000e+00 1.83020889e+01 1.34277674e-01 1.88514627e-01
 3.03744941e+00 0.00000000e+00 1.31071488e-01 1.21764418e-01
 0.00000000e+00 0.00000000e+00 3.60843062e+00 2.17157988e-01
 2.18952314e+01 2.83221413e-02 1.42013651e-01 0.00000000e+00
 3.32681024e+00 0.00000000e+00 1.43579911e-01 2.98383426e-01
 7.68901052e+00 1.77363197e+00 0.00000000e+00 1.40247399e-01
 0.00000000e+00 0.00000000e+00 0.00000000e+00 1.42963611e-01
 1.43335169e-01 1.55769016e-01 7.44551745e+00 1.42097415e-01
 3.37001323e-01 0.00000000e+00 1.41801231e-01 0.00000000e+00
 0.00000000e+00 1.77811974e-01 6.84752976e-04 1.77450735e-01
 4.09619497e-01 3.88861007e+00 0.00000000e+00 0.00000000e+00
 3.34687243e+00 1.00241015e-01 1.05223083e-01 0.00000000e+00
 1.26178533e-01 1.22518217e-01 0.00000000e+00 0.00000000e+00
 0.00000000e+00 1.41738814e-01 3.60034670e+00 0.00000000e+00
 1.36183558e-01 4.00865050e-01 0.00000000e+00 0.00000000e+00
 8.78457531e-01 1.46313839e-01 0.00000000e+00 0.00000000e+00
 0.00000000e+00 4.64640590e-01 2.52612907e+00 2.96317216e-02
 7.54583882e-02 2.17563482e-01 1.05712983e+00 5.79196341e-01]
6
1.0
[[nan]
 [nan]]
[3.13912298e-01 1.83268825e-01 0.00000000e+00 3.42724883e-02
 2.46810869e-03 0.00000000e+00 5.42464763e-02 5.54084195e-04
 2.17293900e-01 2.04445890e-01 4.41727933e+00 2.22336651e+00
 2.13250762e-01 1.16264041e+00 0.00000000e+00 3.69478966e-01
 2.05673007e-01 0.00000000e+00 3.51017839e-01 2.09920209e-01
 1.42175637e+00 0.00000000e+00 0.00000000e+00 2.74804898e-01
 4.93519953e+00 0.00000000e+00 2.54716690e-01 2.57277945e-01
 2.06518513e-01 1.12017329e+00 2.09417516e-01 0.00000000e+00
 1.99342574e-01 2.10186557e-01 2.09684973e-01 2.10204503e-01
 9.21581535e+00 2.27526021e-01 1.04629182e+00 2.12275278e-01
 3.12884652e-01 0.00000000e+00 0.00000000e+00 2.08356604e-01
 2.31620641e-01 0.00000000e+00 0.00000000e+00 2.09422122e-01
 3.94784229e+00 6.36424804e-01 3.37812650e-01 1.62145082e-01
 0.00000000e+00 2.35117445e+00 2.15875610e-01 0.00000000e+00
 1.04070774e-01 0.00000000e+00 4.21583557e-01 1.03191495e+00
 2.10699180e-01 3.99500433e-01 5.06075410e-01 0.00000000e+00
 0.00000000e+00 2.06915003e-01 1.20576115e-01 0.00000000e+00
 2.26830122e+00 1.91478263e-01 1.83735068e+00 0.00000000e+00
 7.17302890e-01 0.00000000e+00 0.00000000e+00 0.00000000e+00
 2.92824924e-01 1.33065470e-01 0.00000000e+00 2.04467277e-01
 4.61021814e+00 2.10131536e-01 0.00000000e+00 0.00000000e+00
 0.00000000e+00 2.10185338e-01 0.00000000e+00 1.85503626e-01
 0.00000000e+00 2.08464607e-01 2.09197705e-01 1.96206602e-01
 0.00000000e+00 6.65343144e-01 1.48747039e+00 5.40103920e-01
 1.02738160e+00 2.39610533e-01 0.00000000e+00 1.15195363e-01]
6
1.0
[[nan]
 [nan]]
[0.00000000e+00 6.42330840e+00 1.25582907e-01 8.07649423e-01
 0.00000000e+00 1.00548817e+01 0.00000000e+00 1.82433923e-01
 4.43109288e-02 1.28621854e+00 2.43329971e+00 1.56871803e-01
 0.00000000e+00 0.00000000e+00 4.30411892e-02 3.76319911e+00
 5.85205261e-02 1.07082106e-01 7.55236507e-01 0.00000000e+00
 0.00000000e+00 0.00000000e+00 1.09164473e-01 2.17955840e-01
 0.00000000e+00 0.00000000e+00 2.15868899e-01 0.00000000e+00
 1.08620818e-02 5.01927010e-01 4.41121017e-02 0.00000000e+00
 1.90354677e+00 0.00000000e+00 4.30131419e-02 4.19634236e-02
 1.47866440e-01 0.00000000e+00 9.25819971e-02 3.99386488e-02
 5.66058581e-02 2.40415156e-02 2.14233122e-01 0.00000000e+00
 0.00000000e+00 0.00000000e+00 4.94495281e+00 4.68127033e+00
 1.85846170e+00 4.48219172e-02 5.68435595e-02 0.00000000e+00
 4.38759962e-02 0.00000000e+00 3.87533293e-02 4.17272175e-02
 0.00000000e+00 4.25139288e-02 0.00000000e+00 0.00000000e+00
 0.00000000e+00 6.53664157e-02 1.02800164e+00 4.90899281e-02
 1.53965923e-02 1.65225125e-01 6.62896334e-02 6.17649299e-01
 7.11981412e-02 3.49193357e-01 0.00000000e+00 1.05820297e-01
 1.08076254e+01 0.00000000e+00 4.22914574e-02 0.00000000e+00
 5.22300038e-02 0.00000000e+00 4.47202080e+00 1.74272439e-01
 4.81500211e-02 4.58914348e-02 4.99835818e-02 4.61930252e+00
 4.09912487e-01 0.00000000e+00 0.00000000e+00 1.44890594e+00
 4.01636177e-01 0.00000000e+00 4.49342955e-02 4.43542517e-02
 7.97488418e-02 4.42399243e-02 4.78713277e+00 2.53003177e+00
 1.38413750e-01 7.26859156e-02 1.38360120e+01 4.79281162e-02]
6
1.0
[[nan]
 [nan]]
[8.49959337e-02 9.76701125e+00 0.00000000e+00 2.84477279e-02
 0.00000000e+00 1.84339526e+00 0.00000000e+00 8.13676869e+00
 0.00000000e+00 2.75620234e-02 0.00000000e+00 8.67738234e-01
 0.00000000e+00 4.64322047e+00 0.00000000e+00 1.53088458e+00
 8.78054258e-02 0.00000000e+00 3.31405631e-02 0.00000000e+00
 1.72164494e+00 1.84513337e+01 6.45285964e+00 2.19798785e+00
 3.07576200e+00 5.50595962e-02 3.34499117e+00 0.00000000e+00
 2.75916205e-02 2.85387926e-02 4.02136493e+00 4.10996922e-02
 2.92597855e-02 2.31324681e-02 2.75670482e-02 0.00000000e+00
 0.00000000e+00 7.76423671e-02 7.58284158e-02 1.44514720e-02
 1.24695803e-01 2.81758337e-02 2.60152784e-02 9.47084429e-01
 5.75342169e-03 0.00000000e+00 2.75641974e-02 8.68466097e-02
 0.00000000e+00 0.00000000e+00 3.53455970e+00 0.00000000e+00
 2.73168342e-02 3.75937592e-01 1.74058121e+00 2.04316494e-02
 0.00000000e+00 0.00000000e+00 3.11198003e-02 2.34160647e-02
 4.37002124e-01 5.17983166e-01 4.58083539e+00 3.71507110e-01
 1.25963001e-01 7.85581657e-01 6.36044743e+00 3.67351652e-01
 0.00000000e+00 0.00000000e+00 3.09980778e-02 2.43676275e+00
 0.00000000e+00 2.22087518e-02 1.09804480e+01 0.00000000e+00
 5.59400212e-01 5.46279683e-02 0.00000000e+00 8.97797688e-02
 2.28075515e-02 5.10989374e-01 4.38446856e-01 0.00000000e+00
 0.00000000e+00 0.00000000e+00 7.56899462e-02 1.78965940e-01
 2.64157931e-02 3.64802404e-02 0.00000000e+00 2.75271192e-02
 5.80658191e-01 2.92545019e+00 0.00000000e+00 5.17146145e+00
 0.00000000e+00 0.00000000e+00 2.15758178e+01 5.03604777e+00]
6
1.0
[[nan]
 [nan]]
[2.34427985e+00 0.00000000e+00 5.55016377e-02 9.16637562e-02
 8.79091171e-01 0.00000000e+00 0.00000000e+00 1.54791598e-01
 0.00000000e+00 0.00000000e+00 4.61895229e+00 0.00000000e+00
 0.00000000e+00 1.13393820e-01 2.80854245e+00 0.00000000e+00
 0.00000000e+00 1.14419731e-01 2.49186863e-02 4.02701659e+00
 1.49845080e+00 0.00000000e+00 1.06926487e+00 0.00000000e+00
 3.37877829e-01 6.47766018e-02 1.28670334e+00 7.86773907e-02
 0.00000000e+00 0.00000000e+00 0.00000000e+00 1.19052198e-01
 3.69595764e+00 1.08325479e+00 1.56237812e-01 1.59007736e-01
 4.81311512e+00 8.74906914e-02 1.47198667e-01 1.10554364e-01
 3.98741583e-02 5.91090167e-02 0.00000000e+00 0.00000000e+00
 0.00000000e+00 2.67103543e-01 0.00000000e+00 0.00000000e+00
 1.91076393e-01 6.08841182e+00 0.00000000e+00 1.07975234e-01
 3.97086356e-01 1.15953883e-01 7.67229390e-02 0.00000000e+00
 2.08204501e-01 0.00000000e+00 0.00000000e+00 1.16182696e+00
 8.78663179e-02 2.64159460e+00 1.09490857e-01 2.96064188e-01
 9.74310629e-01 7.09620627e-01 1.00838176e-01 1.09904944e-01
 1.10461386e-01 1.51441830e-01 5.54879160e-01 1.77382142e+00
 9.40895018e-02 1.78492128e+00 2.63247064e-01 0.00000000e+00
 8.49606746e-02 8.67601141e-01 9.05784757e-02 6.65352780e-01
 4.07804574e+00 4.89248891e-02 1.17480317e-01 8.91403464e-02
 1.69782418e-03 4.08134037e-02 0.00000000e+00 0.00000000e+00
 5.70470996e-02 1.28261206e-01 1.54857239e+00 0.00000000e+00
 0.00000000e+00 0.00000000e+00 3.78535148e-01 1.06546867e-01
 4.54807244e+00 1.38418824e+00 0.00000000e+00 1.94619830e+00]
6
1.0
[[nan]
 [nan]]
[ 0.61965839  2.02428559  0.24260851  0.17235959  0.          0.20432369
  1.61665233  0.          0.18082391  2.34318906  0.0996459   2.49141747
  2.46258082  0.          0.55238593  0.          0.20648526  1.1773923
  0.39520305  0.          0.          0.          0.15561447  2.68720953
  0.20029316  4.84471427  0.21198963  0.          0.          0.20355107
  0.0822467   0.          0.20743565  0.          0.99992694  0.32038481
  1.04211819  0.20170283  0.83475573  0.65546062  0.12190034  0.18754451
  0.          0.          0.1581122   0.          0.14247507  0.
  0.          0.          2.02618403  2.44409924  0.          0.55487442
  0.19511866  0.2039629   0.22468573  0.96422907  0.          0.20413612
  2.10030995  0.24969522  0.          0.42835068  3.81974423  0.47348083
  0.79063264  0.20348261  0.          0.16150285  0.          0.20276069
  0.01491999  0.          2.58932062  5.54380781  0.          2.69664627
  0.          0.20453192  2.78061035  0.45668239  0.          0.25746288
  0.92678644  0.20395115  0.58969152  0.20169027  0.85232336  0.23056726
  0.          0.20513833  0.          2.69379841  0.21779679  0.19869931
  0.          1.14990239 13.13280086  0.        ]
6
1.0
[[nan]
 [nan]]
[0.00000000e+00 6.92741224e-02 5.34225596e-01 1.52418368e-01
 6.83709870e-02 6.83720514e-01 1.29704790e-01 1.50288095e-01
 6.77684994e-02 0.00000000e+00 1.38445533e-01 0.00000000e+00
 3.48530392e-01 1.20091241e-01 0.00000000e+00 1.80186238e-02
 0.00000000e+00 6.91241287e-02 6.83968221e-02 9.68382111e-01
 0.00000000e+00 4.03592559e+00 6.80037264e-02 6.83679102e-02
 8.01005019e+00 0.00000000e+00 0.00000000e+00 6.81058760e-02
 6.83081077e-02 1.80368704e-02 7.99990026e-02 1.15602307e+01
 3.17077475e-02 0.00000000e+00 7.13305012e-02 0.00000000e+00
 0.00000000e+00 0.00000000e+00 1.70661786e-02 7.07393902e-02
 4.47214618e-02 8.92399333e-02 1.18347985e-01 1.70017885e+00
 9.65204247e-02 3.24249384e-01 6.83523923e-02 8.33061328e-02
 2.11426293e-01 8.79230433e-02 1.28016896e-01 1.48839438e+00
 5.99814253e-01 1.86263206e+00 0.00000000e+00 1.35236849e+00
 1.31660521e+01 1.91755742e+00 1.78786357e-01 0.00000000e+00
 1.25020579e-02 7.01813071e-02 4.52409798e+00 0.00000000e+00
 0.00000000e+00 0.00000000e+00 3.95438891e-02 1.56596110e-01
 0.00000000e+00 0.00000000e+00 0.00000000e+00 4.24179430e+00
 9.19148106e-01 0.00000000e+00 6.53109379e+00 0.00000000e+00
 8.89665950e-02 0.00000000e+00 4.06155531e-02 0.00000000e+00
 6.85336713e-02 0.00000000e+00 5.08099941e-02 6.18384390e-01
 1.40534952e-01 6.11521107e+00 6.96312865e-02 3.84761665e-03
 0.00000000e+00 6.34680951e-02 4.19474092e+00 1.68326717e-01
 6.84026725e-02 2.00278595e+00 0.00000000e+00 2.01308044e+00
 4.42570941e+00 0.00000000e+00 0.00000000e+00 0.00000000e+00]
6
1.0
[[nan]
 [nan]]
[0.00000000e+00 7.15591414e-02 5.36768877e-01 2.63439505e-01
 9.26710443e-01 0.00000000e+00 1.49315582e-01 1.47264874e-01
 2.76199734e+00 1.77074974e-01 1.09955008e-01 0.00000000e+00
 4.09399881e-01 1.53423423e-01 0.00000000e+00 1.45337921e-01
 1.77150400e-01 4.89169108e-01 3.08489087e-01 1.47481422e-01
 0.00000000e+00 2.99614190e+00 1.48176202e-01 0.00000000e+00
 4.45171033e+00 1.70767265e-01 6.20915245e-01 0.00000000e+00
 1.42628042e-01 0.00000000e+00 9.27752348e+00 0.00000000e+00
 4.77375205e-01 6.82292059e-01 0.00000000e+00 0.00000000e+00
 5.68428267e+00 1.47631788e-01 0.00000000e+00 2.67306579e-01
 0.00000000e+00 3.68124009e+00 8.16875860e+00 1.33457084e-01
 4.71108794e-01 1.57249743e+00 1.45568718e-01 1.37926844e-01
 1.87935691e-01 3.77202449e-01 0.00000000e+00 0.00000000e+00
 5.25459415e+00 0.00000000e+00 4.38699962e+00 1.44849486e-01
 1.13748431e+01 1.80758974e+00 1.42471711e-01 5.40384994e-01
 0.00000000e+00 1.59826282e+00 3.26748493e+00 2.11372931e-01
 0.00000000e+00 1.42406035e-01 3.43562255e-01 4.62324832e-01
 2.99822500e-01 0.00000000e+00 1.46729161e-01 0.00000000e+00
 7.82319874e+00 0.00000000e+00 5.60394870e-01 1.48660288e-01
 0.00000000e+00 1.76657561e-01 0.00000000e+00 2.31161540e-01
 0.00000000e+00 0.00000000e+00 1.84887573e-01 0.00000000e+00
 1.78211751e-01 4.22297162e+00 5.32765665e-02 0.00000000e+00
 1.47468614e-01 1.32490193e-01 0.00000000e+00 0.00000000e+00
 1.66554965e-01 1.47665530e-01 1.64860765e-03 5.72101660e-01
 1.50147163e-01 0.00000000e+00 5.54627506e-01 7.85909192e-01]
6
1.0
[[nan]
 [nan]]
[0.00000000e+00 6.54666030e-01 2.36183371e-02 1.78631134e-01
 1.45286380e-02 2.24620338e-02 0.00000000e+00 0.00000000e+00
 1.61246316e-02 1.04632828e+01 3.19060329e-02 0.00000000e+00
 1.11491681e-01 7.78922681e-02 1.37869489e+00 7.49002333e-01
 2.17251997e-02 1.44944803e-01 0.00000000e+00 0.00000000e+00
 0.00000000e+00 3.85942435e-01 4.42775679e-01 6.26050668e-03
 1.09323963e-02 2.25123996e+00 5.68379200e-03 1.06761205e-02
 1.70079289e-01 7.91096681e-01 3.80739596e-01 1.38505561e-01
 0.00000000e+00 1.15389004e-02 2.27286188e+00 1.47798340e-01
 3.79259803e+00 5.06684695e-01 0.00000000e+00 6.83645685e-03
 0.00000000e+00 3.60856718e-02 1.32438407e-01 4.56897181e-01
 3.46791075e-01 9.57173110e-03 1.18564768e-02 0.00000000e+00
 0.00000000e+00 0.00000000e+00 7.04811811e-01 0.00000000e+00
 4.75891037e-05 9.45417441e-02 1.02160884e-02 0.00000000e+00
 0.00000000e+00 1.44018658e-01 1.38815322e-02 1.37101117e-01
 4.25642708e-02 9.31073278e-03 1.43463756e+00 5.94994069e-02
 7.02011900e-03 5.11905553e-01 1.07530637e-01 8.54344816e-01
 3.17166073e-01 1.30564658e+01 1.40493279e+01 1.15972056e-02
 0.00000000e+00 2.14804394e-01 2.38914948e-01 0.00000000e+00
 1.15856800e-02 1.25225184e-02 1.70262412e-01 1.15828323e-02
 1.03289161e-02 8.23774880e-02 0.00000000e+00 0.00000000e+00
 0.00000000e+00 0.00000000e+00 0.00000000e+00 1.13322399e-01
 0.00000000e+00 0.00000000e+00 0.00000000e+00 2.40927119e-02
 0.00000000e+00 0.00000000e+00 9.57440252e-01 0.00000000e+00
 0.00000000e+00 2.37757578e-01 1.26305281e-01 4.45750110e-03]
6
1.0
[[nan]
 [nan]]
[7.58394401e-02 1.13464560e+00 0.00000000e+00 8.79178574e-02
 5.83875675e+00 0.00000000e+00 0.00000000e+00 0.00000000e+00
 6.17153407e-01 0.00000000e+00 2.35865820e-01 2.99457740e-01
 0.00000000e+00 0.00000000e+00 2.01704540e+00 0.00000000e+00
 8.62773186e-02 5.12773759e+00 0.00000000e+00 5.17516814e+00
 9.62188375e-02 0.00000000e+00 0.00000000e+00 6.08258686e-01
 0.00000000e+00 1.12461743e+00 0.00000000e+00 4.24624045e+00
 0.00000000e+00 8.24767072e-01 6.66950756e-02 2.59734034e-02
 1.05099268e+01 7.05389354e-02 6.29249214e-02 0.00000000e+00
 3.31239111e-02 7.19714273e-02 2.37295737e-01 2.21498413e-01
 9.31931567e-02 4.57553687e+00 6.16437462e-02 8.80800418e-02
 2.31124593e-02 3.27721040e-01 7.08254217e-01 0.00000000e+00
 2.28744214e-02 9.51700044e-02 4.45200083e+00 0.00000000e+00
 2.42299189e-01 3.11674055e-01 0.00000000e+00 8.31063775e-02
 0.00000000e+00 5.86241036e+00 0.00000000e+00 8.60488572e-02
 8.78820523e-02 6.73996996e+00 3.62940756e-01 0.00000000e+00
 6.40022634e-02 5.79800442e-01 0.00000000e+00 5.01222218e-02
 0.00000000e+00 8.79483825e-02 6.60174103e-01 1.51464170e-01
 9.80950777e-02 2.14977255e+00 0.00000000e+00 9.12231357e-01
 0.00000000e+00 2.24952427e-01 0.00000000e+00 1.83051414e+00
 2.86155822e+00 5.71059768e-01 1.76626965e+00 2.51436347e+00
 8.99173016e-01 9.19641302e-02 9.78927086e-02 3.17489642e-01
 0.00000000e+00 4.95658975e-03 9.66588397e-02 8.82715895e-02
 1.09843860e-01 4.80482123e-01 3.81654379e+00 0.00000000e+00
 1.13433683e-01 0.00000000e+00 0.00000000e+00 1.27496687e-01]
6
1.0
[[nan]
 [nan]]
[7.43248344e-01 2.70585847e-01 1.02158568e-01 8.82806728e-01
 2.57684782e-01 1.12373784e-02 1.00131762e-01 9.53065807e-02
 1.15784800e-01 2.67806995e+00 0.00000000e+00 1.67524662e+00
 5.10664708e-01 0.00000000e+00 1.72174973e+00 1.02033993e-01
 3.80747521e-01 0.00000000e+00 2.04024027e+00 2.80508115e-01
 9.72413350e-02 5.64225538e+00 0.00000000e+00 0.00000000e+00
 1.36852343e-02 3.93606886e-01 6.01763077e-01 0.00000000e+00
 0.00000000e+00 0.00000000e+00 0.00000000e+00 4.12000620e-01
 0.00000000e+00 9.11477655e+00 0.00000000e+00 4.38673718e-02
 1.03640225e-01 3.33965289e-01 1.00038102e+00 1.25147804e-01
 1.13755739e-01 1.69672119e+00 0.00000000e+00 4.45240880e-01
 0.00000000e+00 1.02163664e-01 1.33094173e+00 9.54399457e-02
 0.00000000e+00 0.00000000e+00 2.53588704e-01 7.69036210e-01
 1.07479478e-01 1.09023822e-01 0.00000000e+00 0.00000000e+00
 7.27589604e-02 4.87484795e+00 1.01660149e-01 0.00000000e+00
 0.00000000e+00 4.22328683e-01 1.02044543e-01 3.71436733e+00
 2.61788588e+00 3.25555334e+00 0.00000000e+00 0.00000000e+00
 7.71343018e-01 6.65889806e-02 1.64562382e+00 1.56200432e-01
 1.02338239e-01 1.01368474e-01 0.00000000e+00 8.92840080e-02
 0.00000000e+00 0.00000000e+00 2.45021978e-03 1.02617203e-01
 0.00000000e+00 0.00000000e+00 1.02161758e-01 1.08287813e-01
 9.45337496e-02 6.54460534e-01 5.49931806e-01 1.02005041e-01
 8.53871964e-02 0.00000000e+00 0.00000000e+00 5.58760231e+00
 4.00741305e+00 0.00000000e+00 7.67813128e-02 0.00000000e+00
 1.70030227e-01 1.48914165e+00 1.84132999e-01 9.89557495e-01]
6
1.0
[[nan]
 [nan]]
[8.74820185e-01 0.00000000e+00 0.00000000e+00 2.07644685e-01
 7.69372293e+00 2.08177493e-01 7.77817035e-03 2.19782413e-01
 9.17640545e-01 2.08025527e-01 0.00000000e+00 1.05333194e+00
 4.83435349e-01 9.10867474e-01 1.13660716e-01 0.00000000e+00
 4.19504921e-01 2.24496738e-01 0.00000000e+00 7.48032156e-01
 2.54538807e-01 7.80962043e-02 1.06211679e+00 0.00000000e+00
 0.00000000e+00 0.00000000e+00 6.00545785e-01 0.00000000e+00
 4.12555300e-01 2.08534860e-01 2.08278948e-01 2.08350725e-01
 2.07426044e-01 1.01574358e-01 2.06547562e-01 1.67592399e-01
 5.25775845e-01 0.00000000e+00 0.00000000e+00 0.00000000e+00
 1.68782778e-01 2.43461010e-01 0.00000000e+00 2.10346675e-01
 1.27865933e+00 1.01079290e+00 2.09981997e-01 2.88226193e+01
 1.79423388e+01 0.00000000e+00 1.23189170e+00 2.17433457e-01
 1.61868701e-01 0.00000000e+00 4.69617124e-01 1.68029946e-01
 6.33341761e-01 2.68539691e+00 1.32668335e+00 0.00000000e+00
 2.09487451e-01 2.10594760e-01 0.00000000e+00 2.08581082e-01
 0.00000000e+00 0.00000000e+00 1.94092234e-01 1.97283473e-02
 1.10029630e-01 3.43342501e+00 0.00000000e+00 0.00000000e+00
 3.53090071e-01 9.26010158e-02 1.08015161e+00 5.63138684e-01
 9.23344963e+00 0.00000000e+00 7.18072226e-01 0.00000000e+00
 0.00000000e+00 3.56825670e+00 2.09347784e-01 2.06835549e-01
 0.00000000e+00 3.93394839e+00 0.00000000e+00 1.31636986e+00
 0.00000000e+00 1.58588088e-01 1.07718208e+00 8.62677681e-02
 3.34204477e-01 0.00000000e+00 3.91134778e-01 7.87564807e-01
 0.00000000e+00 0.00000000e+00 5.29128205e+00 2.29064760e-01]
6
1.0
[[nan]
 [nan]]
[0.27274966 0.         0.0881936  1.83878032 1.77007611 0.81363254
 0.         0.         0.04694469 0.12950074 0.0825776  0.19455386
 0.         0.08695995 0.         3.3803915  0.0071255  0.
 0.         0.09251668 0.04808113 5.80388759 0.27718938 0.4151008
 0.         0.08707084 0.18913758 0.2974022  0.14177891 0.
 0.         0.         0.         0.10353033 0.         6.45281848
 0.         0.11091232 0.         3.23348862 0.08721308 0.61589423
 0.9371819  0.12277228 0.10520897 0.         0.         0.03066041
 0.         0.1254115  0.         0.08789501 0.08645126 1.55037809
 1.66794992 0.09313597 0.09238266 0.         0.         0.81445303
 0.04952654 0.08693473 0.17259787 0.18707247 0.09942926 0.15741234
 0.24005723 0.         3.15501327 0.19274745 0.92431503 0.10887777
 1.10715344 0.         0.08897197 0.08348037 1.0221709  0.10775887
 0.87061772 0.085988   0.         0.67169737 0.15181864 0.05684202
 0.08702514 1.58739756 0.09460391 0.08699722 0.04473468 0.
 6.34565984 0.         0.01267573 0.         0.55600826 0.
 6.06939058 0.         0.         0.24925716]
6
1.0
[[nan]
 [nan]]
[1.21946832e-01 3.10047269e-01 7.62252078e-02 0.00000000e+00
 8.10664940e-01 6.20430133e-01 0.00000000e+00 0.00000000e+00
 7.59175387e-02 0.00000000e+00 1.04408038e-01 2.02694147e+00
 1.91038726e-01 0.00000000e+00 0.00000000e+00 7.47730178e+00
 1.29268156e-01 2.45691131e+00 2.17442513e+00 0.00000000e+00
 8.77753207e-02 7.57796395e-02 0.00000000e+00 1.25476424e-01
 0.00000000e+00 0.00000000e+00 9.98451314e-03 6.37872933e-02
 0.00000000e+00 0.00000000e+00 2.41357350e+00 6.36978508e-01
 0.00000000e+00 0.00000000e+00 0.00000000e+00 1.03735406e-01
 8.91526998e-01 8.85592770e-02 7.16284253e-02 1.19024259e-01
 5.60381520e-02 2.14536093e-01 3.26627235e-01 6.24182433e-02
 3.23906128e-01 0.00000000e+00 0.00000000e+00 1.56314836e+00
 2.70736198e-01 0.00000000e+00 5.45076202e-02 5.09916125e-01
 0.00000000e+00 1.17836419e-02 8.21738464e-02 3.59232945e-01
 0.00000000e+00 8.22995725e-02 1.39053243e+00 6.07871929e-02
 0.00000000e+00 7.57787512e-02 0.00000000e+00 1.11235863e-01
 5.22862090e-01 4.34811081e-01 3.71842047e-01 0.00000000e+00
 1.49473917e-01 5.59228688e-02 0.00000000e+00 0.00000000e+00
 7.60875077e-02 1.91405244e-01 6.56826503e-01 2.35316461e-01
 0.00000000e+00 6.35280275e-03 1.52735709e+01 4.02593708e+00
 1.33916048e-01 2.56993547e+00 8.34098688e-02 6.58316382e-02
 1.01183403e-01 5.73943810e-01 5.05893990e+00 1.07344220e+00
 0.00000000e+00 2.07334897e-01 1.52880088e+00 1.80234422e-01
 0.00000000e+00 0.00000000e+00 0.00000000e+00 1.40994699e+00
 1.85021812e-02 1.43269260e-01 7.94878515e-02 7.12101939e-02]
6
1.0
[[nan]
 [nan]]
[0.00000000e+00 2.48780830e-01 0.00000000e+00 2.69845109e-01
 1.81790429e+01 1.83957046e-01 1.82378866e-01 0.00000000e+00
 0.00000000e+00 3.72021643e-01 1.68001753e-01 1.78385132e-01
 1.70314850e-01 5.30059446e-01 1.28132081e+01 0.00000000e+00
 0.00000000e+00 0.00000000e+00 2.97957931e-01 0.00000000e+00
 8.81790988e+00 1.45276197e-01 3.69232612e-01 1.78367047e-01
 8.16864520e-02 1.47530128e-01 1.44284990e+00 1.77818118e-01
 5.52990356e-01 0.00000000e+00 1.80169804e-01 7.59142180e-01
 0.00000000e+00 1.70506273e-01 0.00000000e+00 0.00000000e+00
 3.27307757e-01 1.89462190e-01 0.00000000e+00 3.59410447e-01
 0.00000000e+00 5.67838608e+00 0.00000000e+00 0.00000000e+00
 1.78619401e-01 1.78172676e-01 1.23174040e+01 1.07364827e+00
 9.35204553e-01 2.00564661e-01 4.94903734e-01 2.06274053e-01
 2.26131413e+00 1.79283558e-01 6.70857178e-04 1.76983835e+00
 0.00000000e+00 4.76738917e-01 1.80241631e-01 5.39072458e+00
 0.00000000e+00 3.07806729e-01 0.00000000e+00 0.00000000e+00
 3.26981212e+00 8.12822456e-02 0.00000000e+00 0.00000000e+00
 4.59657212e+00 0.00000000e+00 1.49561424e-01 2.57589873e-01
 8.51107633e-01 2.07011303e+00 8.29464023e-01 0.00000000e+00
 3.01232024e-01 1.21247246e-01 0.00000000e+00 0.00000000e+00
 2.94252576e-01 1.72205342e-01 4.04760883e-01 1.68028577e-01
 1.91123921e+00 0.00000000e+00 4.91997406e-01 1.81141553e-01
 3.88745792e-01 1.36286907e-01 3.92767965e-01 1.85040407e-01
 0.00000000e+00 3.94139831e-01 0.00000000e+00 1.03288581e+00
 1.53621036e+00 1.33340067e-01 2.19811191e-01 0.00000000e+00]
6
1.0
[[nan]
 [nan]]
[1.20462300e-01 1.30346415e-01 3.59669585e-01 0.00000000e+00
 3.94546924e-01 0.00000000e+00 0.00000000e+00 0.00000000e+00
 5.29797253e+00 1.92245821e+01 8.81093671e-02 0.00000000e+00
 7.43265784e-01 0.00000000e+00 1.88024706e-02 0.00000000e+00
 2.14050605e+00 1.41156736e-01 2.05481158e+00 9.23864027e-01
 2.84423590e-02 3.79279854e+00 1.41286455e-01 1.45696162e-01
 1.56601190e+01 1.41525601e-01 2.77593482e+00 7.85133262e+00
 2.67994526e-01 0.00000000e+00 7.60552401e-02 0.00000000e+00
 3.01643987e+00 3.36785325e+00 1.74583114e-01 0.00000000e+00
 0.00000000e+00 1.12226475e-01 2.04993630e-01 1.98556745e-01
 1.29323604e-01 1.40941125e-02 0.00000000e+00 1.40527377e-01
 1.30302749e+00 6.62105623e+00 2.25363241e-01 1.45514044e-01
 2.18729685e-01 1.53865465e-01 1.25025711e-01 0.00000000e+00
 0.00000000e+00 0.00000000e+00 0.00000000e+00 1.42740530e-01
 0.00000000e+00 6.90783125e+00 1.42059476e-01 1.74844546e-01
 5.33279372e-02 1.00307343e+01 0.00000000e+00 0.00000000e+00
 1.49133396e-01 2.86223377e+00 1.39751710e-01 1.03204616e+00
 0.00000000e+00 1.17547378e-01 1.88188837e+00 8.41580442e-01
 0.00000000e+00 0.00000000e+00 0.00000000e+00 2.17542012e-01
 0.00000000e+00 3.85745491e+00 1.40927015e-01 1.38697938e-01
 1.16943477e-01 0.00000000e+00 5.11709006e-01 4.62742809e-01
 0.00000000e+00 2.08678666e-01 1.42421101e-01 0.00000000e+00
 1.49207644e-01 0.00000000e+00 4.47557578e-02 0.00000000e+00
 1.45151247e-01 2.64165192e+00 1.50781239e-01 0.00000000e+00
 3.94875883e+00 3.91531630e-01 1.39114443e-01 1.41157596e-01]
6
1.0
[[nan]
 [nan]]
[ 0.26178198  0.          0.          0.          0.27718998  3.16958624
  5.35568639  0.26174916  0.6019744   0.9598135   0.60710548  0.13063383
  0.26066231  1.02153688  0.          0.35947679  0.26255317  0.50953191
  1.48558406  0.29213811  0.          8.30429244  0.          1.7221702
  1.62707835  7.03549055  0.24666389  0.01460064  0.2847268   0.
  0.          0.23816226  1.33408158  0.          0.29720962  0.48456597
  0.          0.26779966  0.          0.40699334  0.06294514  0.29586241
  0.34579376  0.26983317  0.          1.87447226  0.          1.05553415
  0.08359896  0.          0.          1.41804323  0.          0.
  0.39468582  0.24050687  0.          2.17036717  0.          0.15474193
  0.21543533  0.          0.          0.2108081   0.          0.26200771
  0.          0.11288692  0.          1.21269018  3.50461431  0.26607881
  2.42461733  0.32727664  0.26071086  0.2614907   0.2618067   2.63388398
  0.26195705  1.5905369   0.30271567  0.21025622  0.          0.07307627
  0.26183349 10.53328327  0.          0.          1.30680373  0.22643963
  0.          0.          0.99166597  0.26185254  5.04336066  0.1818645
  0.25845112  0.14907962  0.56776286  0.        ]
6
1.0
[[nan]
 [nan]]
[0.00000000e+00 1.91232014e-01 1.91015487e-01 2.47073486e-01
 1.91203209e-01 0.00000000e+00 0.00000000e+00 4.11065145e-01
 7.09790839e-02 8.12059722e-02 1.85078250e+00 1.95219348e-01
 4.27831605e-01 0.00000000e+00 1.51503387e+00 7.70132653e+00
 0.00000000e+00 7.03423051e-01 5.08137080e+00 3.52426121e-01
 3.33598530e+00 6.91780149e-02 0.00000000e+00 1.98815247e-01
 0.00000000e+00 0.00000000e+00 1.85021578e-02 0.00000000e+00
 9.01298294e-02 6.29984009e-01 1.08814471e+00 3.51866962e-01
 2.11581022e-01 9.59465394e+00 0.00000000e+00 1.78031188e-01
 0.00000000e+00 0.00000000e+00 1.92526004e-01 0.00000000e+00
 1.00848167e+00 0.00000000e+00 6.68550025e-01 6.97629719e-01
 1.14657612e+00 6.31853523e-01 8.21593820e-01 1.51345974e-01
 0.00000000e+00 2.72252604e-03 0.00000000e+00 1.91232016e-01
 0.00000000e+00 0.00000000e+00 1.91060094e-01 1.91436485e-01
 5.15452802e-01 1.13411009e+00 1.91241834e-01 2.41896564e-01
 1.77953664e-01 5.71808946e-01 3.82794730e-01 0.00000000e+00
 8.38720015e+00 1.39247813e-01 2.27616405e+00 1.88569901e-01
 7.15285057e-01 0.00000000e+00 0.00000000e+00 2.16959497e-01
 1.33264259e+00 1.43556508e+00 0.00000000e+00 0.00000000e+00
 0.00000000e+00 1.92611385e-01 6.35436533e-02 0.00000000e+00
 0.00000000e+00 3.51536581e-01 0.00000000e+00 1.91035846e-01
 0.00000000e+00 0.00000000e+00 1.89538178e-01 3.77126138e-01
 1.61548246e+00 1.93159529e-01 9.51519492e-02 1.83486889e-01
 8.03449360e-01 1.81537739e-01 1.92219508e-01 8.63517780e-02
 5.73390801e+00 0.00000000e+00 1.11673928e+00 5.54036494e-01]
6
1.0
[[nan]
 [nan]]
[4.24415038e-01 2.00610337e-01 1.68309324e-01 1.54613825e-01
 1.67890662e-01 1.43147414e-01 0.00000000e+00 1.55299779e-01
 0.00000000e+00 1.43094773e-01 9.31874507e-01 0.00000000e+00
 1.12591669e-01 8.49527076e+00 3.02676157e+01 0.00000000e+00
 1.43407824e-01 6.18283861e-02 1.43094080e-01 5.23014229e+00
 1.43430033e-01 0.00000000e+00 1.42647645e-01 1.64740481e-01
 0.00000000e+00 3.16311936e+00 0.00000000e+00 2.01964983e-01
 0.00000000e+00 1.42941308e-01 3.21716457e+00 9.16080311e-02
 2.91739387e-01 7.08222859e-02 0.00000000e+00 1.43092075e-01
 3.16335507e+00 1.36667170e-01 3.27081720e+00 2.74336383e+00
 1.63351775e-01 0.00000000e+00 2.29955133e-01 1.12995101e+01
 1.46116887e-01 0.00000000e+00 3.64580143e-01 0.00000000e+00
 1.44255658e-01 1.56920219e-01 1.37357109e-01 1.39385177e-01
 0.00000000e+00 6.36055887e-01 0.00000000e+00 4.08562892e-01
 1.59645266e-01 2.16597514e-01 0.00000000e+00 9.58861810e-01
 1.16629320e+00 0.00000000e+00 0.00000000e+00 0.00000000e+00
 3.92378591e-01 3.04000177e+00 5.05869622e-01 3.51420802e+00
 0.00000000e+00 0.00000000e+00 9.52963078e-03 7.63549467e-01
 8.31802535e-02 0.00000000e+00 1.70929557e+00 1.38425906e-01
 0.00000000e+00 3.95419640e-01 1.43120174e-01 5.85748937e-01
 6.98876694e-01 0.00000000e+00 1.06341365e+00 0.00000000e+00
 0.00000000e+00 1.48976444e-01 1.43052016e-01 0.00000000e+00
 7.38321109e-01 0.00000000e+00 1.43803472e-01 1.49117677e-01
 0.00000000e+00 0.00000000e+00 1.45008210e-01 6.23426857e-01
 6.08333729e-01 1.47207261e+00 0.00000000e+00 1.51907860e-01]
6
1.0
[[nan]
 [nan]]
[6.44845357e-02 5.00555436e-02 0.00000000e+00 5.09755450e-02
 2.99720978e-02 3.31353410e+01 0.00000000e+00 0.00000000e+00
 9.15540159e-01 1.96464863e+00 3.39888942e-02 2.98210775e-02
 6.65505784e-02 2.28936781e-03 1.39195655e+00 1.99058577e-02
 6.36026326e+00 1.72496391e-01 1.39351786e+00 1.69157298e-01
 5.88983058e-03 6.63665626e+01 3.96984569e-02 6.24451031e-01
 0.00000000e+00 2.26245455e-01 2.60350331e-01 4.05184924e-02
 3.74528310e-02 3.88757109e-02 6.36752994e-02 0.00000000e+00
 0.00000000e+00 2.77467921e-02 0.00000000e+00 6.74709368e-01
 2.14456502e-02 3.07091829e+00 0.00000000e+00 0.00000000e+00
 0.00000000e+00 3.04839948e-01 0.00000000e+00 0.00000000e+00
 6.88872594e-01 0.00000000e+00 5.94454502e-01 1.16913523e-01
 1.52097207e+01 7.29082452e-01 1.66975468e-03 0.00000000e+00
 1.10333486e-01 0.00000000e+00 3.90971755e+00 2.01266289e-01
 0.00000000e+00 1.00515531e-01 0.00000000e+00 3.90809137e-02
 3.95634760e-02 9.13891894e+00 1.30856082e-04 0.00000000e+00
 0.00000000e+00 1.11856768e-01 1.91003702e-02 0.00000000e+00
 6.79343630e+00 6.78995338e-02 2.14159138e+00 3.12797061e-02
 9.88975730e-04 8.17524594e-02 0.00000000e+00 6.94237992e+00
 4.01810128e-02 1.03269091e+00 0.00000000e+00 3.95438887e-02
 1.36060052e+00 0.00000000e+00 0.00000000e+00 4.86139123e+00
 3.95880785e-02 1.14092155e-01 4.39621855e-02 0.00000000e+00
 0.00000000e+00 0.00000000e+00 0.00000000e+00 1.24386408e+00
 3.91171335e+00 0.00000000e+00 0.00000000e+00 9.87698251e-01
 3.96341729e-02 7.25663831e-01 2.89557370e-02 9.19494328e+00]
6
1.0
[[nan]
 [nan]]
[7.11790725e-01 0.00000000e+00 0.00000000e+00 0.00000000e+00
 1.16730363e-01 1.29194161e-01 1.25336531e-01 0.00000000e+00
 1.21345505e-01 0.00000000e+00 0.00000000e+00 9.39039922e+00
 3.56007236e+00 1.45352857e+00 7.96650186e-03 0.00000000e+00
 4.26566901e-01 6.08363606e+00 2.21318545e-01 1.39785910e+00
 1.67776845e-01 0.00000000e+00 2.52620089e-02 1.07246835e-01
 1.18591411e-01 0.00000000e+00 0.00000000e+00 0.00000000e+00
 1.04423332e-01 0.00000000e+00 5.44354242e-02 5.75874995e-02
 2.28708910e-01 1.48208986e-01 3.06607327e-01 4.92159696e-01
 9.97824875e-02 1.75992811e+00 0.00000000e+00 5.88450694e-02
 0.00000000e+00 0.00000000e+00 1.18810119e+00 0.00000000e+00
 0.00000000e+00 4.64226700e-01 3.03913594e-01 3.15112304e-01
 0.00000000e+00 0.00000000e+00 1.25651467e-01 1.67496704e-01
 2.07285388e-01 0.00000000e+00 0.00000000e+00 5.71542963e-01
 1.15727516e-01 1.37471849e-01 2.69608363e-02 0.00000000e+00
 4.68708678e+00 1.50197892e-01 9.58254789e-01 1.29488212e-01
 0.00000000e+00 1.22886054e-01 0.00000000e+00 1.26093089e-01
 1.26258627e-01 0.00000000e+00 1.26052261e-01 9.85679122e-01
 5.33748242e-01 0.00000000e+00 1.26225359e-01 0.00000000e+00
 3.29710829e-02 4.81006946e+00 1.47887502e-01 7.35692812e+00
 3.47275401e-01 0.00000000e+00 4.74277260e-01 8.18004680e-01
 1.21554260e-01 9.78733962e-01 6.04052303e-01 0.00000000e+00
 1.21374454e-01 6.19375944e-01 1.43471876e+00 1.29876887e-01
 1.26291605e-01 1.45537605e-01 2.03469993e+00 1.54092920e-01
 1.49913825e-01 0.00000000e+00 5.43476318e-01 1.27425852e-01]
6
1.0
[[nan]
 [nan]]
[1.94370768e-01 8.10336036e-02 4.29749075e-05 4.98665112e+00
 0.00000000e+00 0.00000000e+00 6.47331854e-02 0.00000000e+00
 0.00000000e+00 6.76844264e-01 9.13652940e-01 0.00000000e+00
 9.65666559e-02 1.74140973e-01 0.00000000e+00 0.00000000e+00
 1.49356645e+00 6.34165358e-02 0.00000000e+00 0.00000000e+00
 0.00000000e+00 6.00489745e-01 0.00000000e+00 1.09559806e-01
 9.64960507e-01 1.49723634e+00 0.00000000e+00 0.00000000e+00
 7.52293984e-01 7.66772406e-02 7.07298870e-02 1.10633234e-01
 0.00000000e+00 2.99301066e+00 7.70773420e-02 5.23258365e-02
 5.96805912e-02 0.00000000e+00 0.00000000e+00 1.69126133e-01
 7.70340810e-02 7.79489739e-01 8.04112064e-02 8.76530379e-02
 0.00000000e+00 4.76679519e-02 7.78747993e-02 1.24479725e+00
 1.04558626e-01 2.87700881e-01 7.36316256e-02 1.93955929e-01
 7.69275763e-02 2.02002238e+00 1.28584411e+00 7.30310055e-02
 0.00000000e+00 2.44315041e-01 0.00000000e+00 5.97402455e-02
 0.00000000e+00 3.16353983e+00 6.39157129e-02 0.00000000e+00
 1.16580225e-01 1.53012170e-01 7.59404601e-02 2.70706942e-01
 5.61482127e+00 4.50326685e-01 0.00000000e+00 9.87704711e-01
 2.30580662e-01 4.06342465e-02 0.00000000e+00 2.41629862e+00
 1.31123107e-01 0.00000000e+00 7.67114314e-02 1.23887382e+00
 1.56646346e-01 2.81489524e+00 1.95552364e+01 7.25821935e-02
 7.27780784e-01 1.02111206e+00 7.77861665e-02 3.73965467e-02
 9.59361935e-01 0.00000000e+00 0.00000000e+00 8.29428476e-02
 1.73925502e+00 1.47182943e+00 3.30648649e+00 0.00000000e+00
 0.00000000e+00 1.30056998e-01 0.00000000e+00 0.00000000e+00]
6
1.0
[[nan]
 [nan]]
[0.00000000e+00 0.00000000e+00 2.36910705e-01 3.32166624e-01
 9.43510217e-02 1.13656082e+00 5.81868925e-02 0.00000000e+00
 3.25358396e-02 2.24429269e-01 2.37459106e-01 0.00000000e+00
 2.64663557e-01 9.27837387e-02 1.96578954e-01 0.00000000e+00
 2.87944425e-01 2.43100973e-01 5.67796465e+00 2.36129469e-01
 2.20597252e-01 2.20192377e-01 0.00000000e+00 5.07109870e+00
 4.42830753e-02 0.00000000e+00 1.57690095e+00 7.54549815e-01
 3.61739071e-01 2.10330286e+00 2.44593238e+01 0.00000000e+00
 9.89195166e+00 2.17033345e-01 1.55107836e-01 0.00000000e+00
 9.98292045e-01 2.44519470e-01 8.54738883e-03 0.00000000e+00
 0.00000000e+00 0.00000000e+00 2.09830564e+00 9.79255999e-01
 2.11665223e-01 2.52584201e-01 2.65606977e-01 0.00000000e+00
 0.00000000e+00 0.00000000e+00 5.47141067e-01 1.91793391e+00
 7.09466077e-01 3.72828654e-01 2.35697271e-01 1.99810811e-01
 4.90946104e-01 3.18056084e-01 5.47391747e-02 5.86214523e-01
 5.89773124e+00 0.00000000e+00 2.37453634e-01 3.91669600e+00
 3.47370672e+00 5.03482617e-01 0.00000000e+00 0.00000000e+00
 2.37406031e-01 2.10489810e-01 0.00000000e+00 2.37472454e-01
 0.00000000e+00 2.38260177e-01 2.37754953e-01 2.51753257e-01
 3.58253422e-01 2.18635559e+00 0.00000000e+00 0.00000000e+00
 0.00000000e+00 3.79398287e-01 3.58949392e+00 0.00000000e+00
 2.37453570e-01 0.00000000e+00 2.17211759e-01 8.37965759e-01
 2.54516606e-01 2.43689073e-01 2.45431752e-01 0.00000000e+00
 2.31021910e-01 0.00000000e+00 2.37453266e-01 2.37453069e-01
 0.00000000e+00 0.00000000e+00 0.00000000e+00 1.18554837e+00]
6
1.0
[[nan]
 [nan]]
[8.21265888e-02 4.43983471e-01 1.12988594e-01 9.56849161e-01
 5.31841070e-03 0.00000000e+00 3.12242849e+00 4.26299885e-01
 0.00000000e+00 0.00000000e+00 8.36656479e-02 9.93131028e-02
 9.77653305e-02 0.00000000e+00 0.00000000e+00 1.91813490e-01
 0.00000000e+00 1.04729870e-01 0.00000000e+00 0.00000000e+00
 1.85258125e-01 3.28143090e+00 4.11815947e+00 1.96081275e-01
 1.39106122e+00 7.00503116e-02 1.69928735e-01 6.75038261e-02
 0.00000000e+00 8.64635886e-02 0.00000000e+00 1.55185999e-01
 0.00000000e+00 0.00000000e+00 6.77468453e+00 1.02542299e+00
 1.16564611e-01 3.77706432e-01 4.92542738e-01 8.63323764e-02
 6.35810116e-01 8.88351095e-02 4.69610888e-01 1.76991415e+00
 0.00000000e+00 0.00000000e+00 7.78945836e-02 0.00000000e+00
 7.17163769e-01 0.00000000e+00 0.00000000e+00 1.87136510e-01
 1.00300744e+00 1.95851950e+00 1.18564926e-01 1.63735857e+00
 3.97304105e+00 0.00000000e+00 1.48611115e-01 9.69200875e-02
 1.24208013e-01 9.08418863e-02 3.55078303e+00 0.00000000e+00
 3.99502820e+00 0.00000000e+00 7.16761381e-02 8.71636330e-01
 0.00000000e+00 2.41255397e-01 0.00000000e+00 1.06847362e-01
 7.11801650e-02 0.00000000e+00 1.21511091e+01 1.75398218e-01
 0.00000000e+00 0.00000000e+00 8.87645007e-02 0.00000000e+00
 0.00000000e+00 3.16250166e-01 0.00000000e+00 9.40526762e-02
 7.10162188e-01 7.49987908e-01 8.87596150e-02 1.73306449e+00
 1.97946567e-01 1.06727820e-01 1.41547755e+01 1.14976422e-01
 3.17806422e-02 1.69590533e-02 1.10074989e+01 0.00000000e+00
 3.10551616e-01 5.70288966e-01 0.00000000e+00 6.90736804e-02]
6
1.0
[[nan]
 [nan]]
[0.00000000e+00 1.08935047e+00 2.22034577e+00 1.98896762e+00
 0.00000000e+00 4.30164641e+00 0.00000000e+00 0.00000000e+00
 1.13814456e-01 0.00000000e+00 1.11706163e-01 3.79955014e-01
 0.00000000e+00 1.23842989e-01 2.97681850e-01 1.69105578e-01
 1.27772015e-01 5.74513851e-01 6.39663286e-01 1.04735267e-01
 0.00000000e+00 1.67850142e-01 0.00000000e+00 1.05251339e+00
 1.37278620e+00 1.20994893e-01 0.00000000e+00 0.00000000e+00
 5.38499903e-01 4.72173875e+00 2.18798554e+00 1.28365976e-01
 0.00000000e+00 1.27805696e-01 4.21567822e-02 0.00000000e+00
 0.00000000e+00 1.24066673e-01 0.00000000e+00 0.00000000e+00
 4.93391917e-01 0.00000000e+00 0.00000000e+00 3.14400674e+00
 1.53370443e-01 1.46330258e-01 1.86214307e-02 2.39595121e-01
 1.87849311e-01 2.55120579e-01 1.27996598e-01 0.00000000e+00
 3.84720850e+00 0.00000000e+00 2.33147798e-01 1.27937872e-01
 8.70646404e-01 0.00000000e+00 8.95810757e-01 1.51197179e-01
 7.59364266e+00 1.23785322e-01 2.42127752e+00 5.21764526e-01
 3.12890165e+00 2.26375140e+00 8.16892050e-02 1.27619851e-01
 0.00000000e+00 1.28203197e-01 5.92053810e-02 2.00662645e+01
 0.00000000e+00 1.26166746e-01 1.24362731e-01 1.11287537e-01
 3.44216028e+00 0.00000000e+00 1.09361671e+00 6.41968246e-01
 1.27264670e-01 3.09117801e-01 2.01844763e+00 1.27908115e-01
 1.27786747e-01 2.69533260e-01 0.00000000e+00 1.97107478e+00
 1.28924980e-01 3.95518107e-01 0.00000000e+00 1.15065286e+00
 1.79272578e-01 0.00000000e+00 0.00000000e+00 2.99674785e-01
 0.00000000e+00 9.33967255e-01 0.00000000e+00 0.00000000e+00]
6
1.0
[[nan]
 [nan]]
[2.78057629e+00 0.00000000e+00 0.00000000e+00 1.38432461e-01
 0.00000000e+00 3.41551701e-01 3.12829109e-01 2.00230160e+00
 1.36794059e-01 3.45920313e-01 2.01185292e-01 4.98011231e-02
 0.00000000e+00 9.97596151e+00 3.45182055e-01 0.00000000e+00
 0.00000000e+00 4.80951985e-01 7.39088166e-01 3.44427857e-01
 0.00000000e+00 1.80299998e-01 2.16703210e+00 2.70978464e-01
 5.19668444e-01 8.34854436e+00 1.52589647e+00 5.19277122e-01
 0.00000000e+00 3.46635164e-01 0.00000000e+00 2.92098924e-01
 3.98782965e-03 0.00000000e+00 0.00000000e+00 6.62405679e+00
 0.00000000e+00 3.49776335e-01 0.00000000e+00 9.34700052e-01
 3.49486028e-01 3.49527525e-01 0.00000000e+00 0.00000000e+00
 3.49527820e-01 3.74562669e-01 0.00000000e+00 3.12571484e-01
 0.00000000e+00 0.00000000e+00 3.51375668e-01 3.49497784e-01
 5.39956035e+00 3.84559885e-01 3.49527834e-01 3.74583789e-01
 1.07069235e+00 1.21874783e+00 0.00000000e+00 4.51308955e+00
 4.23196879e-01 3.49388438e-01 0.00000000e+00 1.06752322e+00
 3.47767084e-01 3.39085740e-01 4.55109742e-01 3.08478090e-01
 1.60258887e-01 0.00000000e+00 3.49789186e-01 3.50391882e-01
 3.79424024e-01 3.46170391e-01 2.99673224e-01 9.73303691e-01
 3.35623236e-01 0.00000000e+00 0.00000000e+00 2.19653878e-01
 1.27072430e+01 4.94498983e-01 4.59744147e-01 1.52241581e-01
 0.00000000e+00 0.00000000e+00 1.60872412e+01 0.00000000e+00
 3.49524042e-01 2.16138026e-01 2.74751850e-01 0.00000000e+00
 0.00000000e+00 1.25034212e+00 6.00228781e-01 0.00000000e+00
 7.52861524e-01 3.39197209e-01 1.16512388e+00 0.00000000e+00]
6
1.0
[[nan]
 [nan]]
[0.00000000e+00 4.12041092e+00 3.54455789e-02 1.82285566e-01
 1.57115423e-02 3.75703786e-02 1.58633907e+00 0.00000000e+00
 0.00000000e+00 6.09825092e+00 2.81413208e+00 2.95880332e-02
 2.54328448e-02 0.00000000e+00 9.78868945e-02 4.50139629e-02
 0.00000000e+00 1.55449050e-01 0.00000000e+00 2.08943226e-01
 0.00000000e+00 0.00000000e+00 5.27347133e-01 3.15980483e-02
 3.64531811e+00 1.50925538e-01 0.00000000e+00 2.14914154e+00
 4.83043606e-02 4.83359058e-02 6.30545215e-02 6.87745057e+00
 0.00000000e+00 5.87363254e-01 1.00339004e+01 3.22701446e-02
 0.00000000e+00 1.87630193e-01 4.86018570e-02 4.69302707e-02
 4.94723186e-02 1.04040267e+00 1.76597530e-01 1.26515512e-01
 4.86002642e-02 1.96292622e-02 0.00000000e+00 1.81751263e-01
 0.00000000e+00 8.88198329e-01 4.90406564e-02 0.00000000e+00
 6.00509182e-02 0.00000000e+00 6.38782154e-02 1.26918707e-01
 4.79190627e-02 6.07929972e-02 2.81684932e-02 1.56643437e-01
 4.82639440e-02 0.00000000e+00 3.02690427e-02 0.00000000e+00
 0.00000000e+00 1.94721893e+00 5.56406323e+00 0.00000000e+00
 0.00000000e+00 0.00000000e+00 7.08553282e-01 5.87250558e-01
 0.00000000e+00 5.74790425e-01 2.94654878e-02 0.00000000e+00
 5.83812318e-04 8.25284493e-02 1.15115794e+01 1.50440397e-01
 3.11845237e-02 0.00000000e+00 2.09320409e-01 4.15849227e-01
 0.00000000e+00 6.73575011e-02 0.00000000e+00 4.66663929e-02
 0.00000000e+00 6.94167028e-03 0.00000000e+00 0.00000000e+00
 3.94711247e-02 4.84681682e-02 1.88210823e-02 6.97902827e-02
 2.60561332e-01 3.80426531e-02 0.00000000e+00 4.60318105e-01]
6
1.0
[[nan]
 [nan]]
[3.62757525e-01 0.00000000e+00 0.00000000e+00 3.55910890e-01
 3.62438919e-01 9.74420196e+00 1.16655904e+00 3.06393475e-01
 6.72669387e-01 7.36486067e-01 3.66386297e-01 1.58624529e+00
 4.50258351e-01 0.00000000e+00 1.25790617e+00 0.00000000e+00
 0.00000000e+00 1.90541324e-01 4.93866874e-02 0.00000000e+00
 0.00000000e+00 3.82899929e-01 1.03236590e+00 9.76695234e-01
 3.70426227e-01 9.89834930e-02 2.38069129e+00 1.37836739e-01
 3.52011720e-01 3.52708502e-01 2.64500486e+00 3.97473028e-01
 0.00000000e+00 0.00000000e+00 6.28276008e-01 1.71648229e+00
 7.41130961e-01 4.20343763e+00 3.66498865e-01 8.30078708e-03
 3.45496687e+00 0.00000000e+00 3.38033913e-01 4.88256361e-01
 0.00000000e+00 2.53824690e-01 0.00000000e+00 0.00000000e+00
 0.00000000e+00 6.00541794e-01 3.37397899e-01 1.40062771e+01
 0.00000000e+00 0.00000000e+00 4.54085769e-01 0.00000000e+00
 3.69587098e-01 4.12636318e-01 0.00000000e+00 1.70960152e+01
 0.00000000e+00 2.36969335e+00 3.62452053e-01 3.62310608e-01
 6.87738919e-02 0.00000000e+00 0.00000000e+00 0.00000000e+00
 1.41538337e+00 3.80385235e-01 5.47534260e-01 3.59547799e-01
 9.90972767e-02 5.49620640e-01 1.31882690e+00 3.61680831e-01
 0.00000000e+00 0.00000000e+00 3.74018945e-01 3.79661077e-02
 7.18099450e+00 0.00000000e+00 5.19823891e-01 0.00000000e+00
 2.95411567e-02 1.39496284e+01 1.44186852e-01 0.00000000e+00
 3.65753494e-01 5.19256941e+00 3.89314469e-01 1.04617000e+00
 3.82830288e-01 0.00000000e+00 5.14717789e-01 0.00000000e+00
 4.47000022e-01 0.00000000e+00 2.64392222e+00 1.61856450e+01]
6
1.0
[[nan]
 [nan]]
[0.00000000e+00 0.00000000e+00 7.80320271e-02 2.11790970e-01
 8.89858135e-03 1.49083639e-01 1.99700205e+00 1.78152655e+00
 2.32421040e-02 5.41318799e-02 9.61880435e-01 2.32612161e-02
 1.60223720e-02 0.00000000e+00 0.00000000e+00 5.81462486e+00
 2.70441949e+00 0.00000000e+00 2.31944166e-02 1.23508517e+00
 1.80476831e-01 1.36377003e+00 3.40181118e-02 0.00000000e+00
 1.07298463e-01 1.82565188e-01 0.00000000e+00 2.13184205e-03
 0.00000000e+00 0.00000000e+00 2.32391879e-02 8.36600689e+00
 7.13692074e-02 2.93782124e+00 2.32260950e-02 0.00000000e+00
 2.32550927e-02 6.76638990e-02 0.00000000e+00 2.44267353e-02
 0.00000000e+00 3.25390200e+00 1.17820663e-01 3.97681873e-02
 0.00000000e+00 2.32563341e-02 5.18058064e-03 7.88445752e-02
 0.00000000e+00 0.00000000e+00 3.22102240e+00 2.32243468e-02
 0.00000000e+00 1.00691269e+00 0.00000000e+00 3.47625715e-02
 1.29808604e+00 0.00000000e+00 2.26719057e-02 1.70602574e-02
 0.00000000e+00 1.22644894e+00 5.11433550e-01 4.97720542e-01
 2.85494432e-02 3.83523687e-01 2.68643401e+00 1.00546002e+00
 2.32226913e-02 3.20634572e+00 3.26079976e-01 0.00000000e+00
 3.62675526e+00 2.31916450e-02 1.13594478e-02 3.08728030e+00
 1.48320174e+00 2.59572198e-02 0.00000000e+00 0.00000000e+00
 1.95444139e-02 0.00000000e+00 2.78314586e+00 0.00000000e+00
 2.62762059e+00 2.82713363e-01 9.60509048e-01 2.52247896e-01
 3.69291532e-01 0.00000000e+00 2.93920028e+00 0.00000000e+00
 7.03681055e+00 2.74280046e+00 0.00000000e+00 0.00000000e+00
 2.33200717e-02 0.00000000e+00 0.00000000e+00 1.84547853e+00]
6
1.0
[[nan]
 [nan]]
[3.64626547e-01 3.92869906e-01 3.64625558e-01 2.00523242e+00
 0.00000000e+00 4.12746761e-01 1.14530027e+00 3.55104921e-01
 3.64823641e-01 7.10044524e-02 0.00000000e+00 1.26967629e-01
 3.64554548e-01 4.10757137e-01 0.00000000e+00 1.96828913e+00
 1.10661217e+00 3.86930534e-01 3.64656390e-01 0.00000000e+00
 3.63765794e-01 6.33056468e-01 2.56167713e-01 3.31365472e+00
 1.94190163e-01 0.00000000e+00 0.00000000e+00 1.27425741e+00
 5.63659050e-01 0.00000000e+00 1.92041869e+00 1.86332286e+00
 3.34702655e-01 4.34306993e-01 3.63043814e-01 0.00000000e+00
 3.10962940e-01 0.00000000e+00 3.43850332e-01 4.06320790e-01
 3.67593421e-01 7.23698689e-01 2.95619598e-01 3.64616332e-01
 0.00000000e+00 3.54317714e-01 4.68950328e-01 0.00000000e+00
 0.00000000e+00 4.75747974e-01 3.53325183e+00 2.32240203e+00
 8.67065412e-03 3.64623550e-01 0.00000000e+00 0.00000000e+00
 3.63685330e-01 0.00000000e+00 0.00000000e+00 0.00000000e+00
 1.50398848e+00 6.12669523e-01 0.00000000e+00 3.97441209e-01
 0.00000000e+00 0.00000000e+00 0.00000000e+00 1.16122351e+00
 1.84795479e-01 4.85123929e-01 3.64943971e-01 0.00000000e+00
 3.64263045e-01 2.75500674e-01 1.25951557e+00 1.82219462e+00
 3.18656226e-01 0.00000000e+00 2.61464471e-01 0.00000000e+00
 3.64687333e-01 0.00000000e+00 9.09530852e-01 0.00000000e+00
 2.39998722e+00 3.67789088e-01 2.70916189e-01 3.65679115e-01
 1.38332801e+01 0.00000000e+00 1.20606007e+00 0.00000000e+00
 6.20890927e-01 3.64626236e-01 7.16464118e+00 0.00000000e+00
 4.92642947e-01 0.00000000e+00 4.30933097e+00 2.02794437e+00]
6
1.0
[[nan]
 [nan]]
[0.         5.43421135 0.28374414 2.21871636 6.18848643 5.24786613
 0.11270115 2.7395077  0.         0.         0.11890422 0.
 0.29902203 0.         1.10953252 7.81172339 0.43217058 1.18201916
 4.65811799 0.11835378 0.23279471 0.12370523 0.20901254 0.09325685
 0.         0.75297675 0.50240984 0.         0.         0.11892073
 0.         0.51925014 1.89554077 1.00573634 0.         0.
 0.11911407 0.         0.11907826 0.         3.71445298 2.45796296
 0.01873639 0.02679484 4.4395234  0.59826861 0.13876296 0.112736
 0.2408248  4.25680956 0.12037604 0.09604629 1.18596126 2.46041693
 0.         0.07868687 0.56961536 0.44581358 0.         0.39665661
 0.         0.         0.         0.         0.         4.46507666
 0.04282666 0.         0.16275689 0.         0.20336948 0.11001876
 0.2302016  3.94159128 0.1211784  0.         0.15727138 0.
 0.15866814 0.         0.06587355 0.         0.         0.98640647
 0.18358662 1.10180301 0.12323882 0.04628454 0.65851237 0.33901836
 9.38193806 8.43178764 0.5846731  0.         0.11954955 0.1190787
 0.14113442 0.         1.99608413 0.        ]
6
1.0
[[nan]
 [nan]]
[0.00000000e+00 3.98908637e-01 5.45692384e+00 4.03147211e+00
 1.35407830e+00 2.86342917e-01 0.00000000e+00 2.45648157e+00
 0.00000000e+00 9.60287637e-01 2.98654600e-01 4.27558425e-01
 2.18741179e-01 1.38649720e+00 3.15003793e+00 0.00000000e+00
 2.12219442e-01 3.51796872e+00 4.56559991e-01 7.66027836e+00
 3.04735264e-01 6.34670489e+00 2.28032863e-01 2.86361359e-01
 0.00000000e+00 0.00000000e+00 2.02833187e-01 0.00000000e+00
 3.63082827e-01 8.33524802e-01 2.70994921e-01 0.00000000e+00
 0.00000000e+00 2.86441255e-01 2.85315317e-01 3.48381837e+00
 2.84201367e-01 5.36504341e-01 0.00000000e+00 3.48545624e-01
 2.59429865e-01 2.86338734e-01 6.05165270e+00 1.67750194e+00
 0.00000000e+00 0.00000000e+00 3.07532301e+00 0.00000000e+00
 4.82030523e-01 1.64355840e+00 2.91219381e-01 0.00000000e+00
 0.00000000e+00 2.83963191e-01 5.03843198e-01 0.00000000e+00
 3.22324350e+00 0.00000000e+00 0.00000000e+00 0.00000000e+00
 5.92073116e-01 3.15734749e+00 0.00000000e+00 0.00000000e+00
 2.74162388e-01 2.86874537e-01 1.50501576e+00 0.00000000e+00
 1.48464027e+00 1.79001149e+01 0.00000000e+00 7.38551947e+00
 1.02823720e+00 0.00000000e+00 4.71543638e-01 1.71917780e-02
 4.01696659e-01 6.35047339e-01 2.82882438e-01 1.32798076e-01
 4.17966426e-01 2.86375651e-01 7.27158616e-01 2.12810751e-01
 2.87086535e-01 0.00000000e+00 0.00000000e+00 1.46578004e-01
 0.00000000e+00 3.48361189e-01 2.87964317e-01 0.00000000e+00
 1.52351947e-01 5.34113937e-01 3.17715926e-01 0.00000000e+00
 1.30961843e-01 0.00000000e+00 2.77102124e-01 9.11044193e-01]
6
1.0
[[nan]
 [nan]]
[2.48679303e+00 4.60986269e-04 0.00000000e+00 3.29443218e-02
 0.00000000e+00 3.12242361e-01 3.29810263e-02 9.20925000e-03
 3.28467906e-02 0.00000000e+00 3.28914414e-02 0.00000000e+00
 3.54599001e-02 3.30983406e-02 3.17134882e+00 0.00000000e+00
 0.00000000e+00 4.23583243e-01 2.60748894e-02 0.00000000e+00
 1.63586945e-01 1.41544719e-01 0.00000000e+00 3.31343982e-04
 8.20944465e-01 6.18354867e-01 0.00000000e+00 2.51455305e-02
 6.87145949e-01 2.30099524e-02 2.63581117e-01 0.00000000e+00
 4.58980376e-02 6.09640684e-01 0.00000000e+00 1.41212183e-02
 0.00000000e+00 3.91174309e-01 2.05716439e-02 2.53929304e+00
 0.00000000e+00 6.57426239e-01 0.00000000e+00 1.25049305e-01
 3.28153773e-02 3.27417643e-02 2.68299272e-02 2.43660392e-02
 3.26871997e-02 3.43299610e-02 1.42681117e+00 1.96212129e-02
 7.52469783e-02 8.11314053e+00 1.16613805e-01 2.62657433e-01
 3.65537678e-02 1.14725906e+00 0.00000000e+00 0.00000000e+00
 4.60209696e+00 1.18985921e-01 4.07504697e+00 0.00000000e+00
 0.00000000e+00 0.00000000e+00 4.35609279e-01 0.00000000e+00
 1.00963326e+00 5.77587201e+00 2.88004089e-02 0.00000000e+00
 3.29765835e-02 3.54433192e-02 7.04841329e-02 2.31876174e-01
 9.24178615e+00 3.41611245e-02 0.00000000e+00 3.48835911e-02
 0.00000000e+00 1.18943045e+00 2.47054556e+00 5.26777769e-02
 5.20565867e-01 4.58103614e-01 8.71086385e-01 3.28979455e-02
 0.00000000e+00 0.00000000e+00 0.00000000e+00 5.16959153e-02
 0.00000000e+00 5.70942146e-01 0.00000000e+00 3.31004395e-02
 7.93475494e-01 0.00000000e+00 0.00000000e+00 3.63377355e-02]
6
1.0
[[nan]
 [nan]]
[0.32420198 0.         0.619713   1.82612796 0.         0.42784227
 5.85661809 2.24827185 0.48842624 0.         0.         0.
 0.54740141 0.33007528 0.         0.         1.19382135 3.15365002
 0.         0.         0.29461536 0.51691166 0.37832387 0.
 0.         0.         0.31956286 0.         0.         0.52322049
 0.44552737 0.         0.38538108 0.42808531 0.30821176 0.34374645
 0.32779788 0.33180974 1.47144019 0.         0.8571135  0.
 0.         1.22802502 0.         0.         0.91987588 0.19860022
 0.51353865 0.27284067 0.33006844 0.         0.33062872 0.20184004
 0.21071703 0.00964636 1.19891863 0.32300696 0.33116518 6.15270972
 0.6797765  5.39754599 0.08622098 0.3300701  0.24202361 0.81433702
 2.56354193 0.32177931 0.3319145  0.         0.32545266 0.
 0.4179271  0.36659874 0.29754544 0.3005623  0.34506439 0.
 0.38602223 0.04368225 0.18820836 0.         0.305489   0.55591004
 0.09951435 0.33201939 0.         0.         0.         0.
 9.22464236 0.16237637 0.04274389 0.33006667 3.25946275 0.39182739
 1.41594688 0.40119656 0.58274707 0.        ]
6
1.0
[[nan]
 [nan]]
[4.95941740e+00 1.08475315e-01 1.04492537e-01 0.00000000e+00
 1.06330264e-01 8.10887527e-01 0.00000000e+00 0.00000000e+00
 8.31849136e+00 1.90818540e-01 4.20356246e+00 1.17270810e+01
 1.36963384e-01 0.00000000e+00 2.99449034e+00 1.18763037e-01
 0.00000000e+00 1.40961424e-01 1.70423682e+00 1.07068970e-01
 0.00000000e+00 0.00000000e+00 2.26864965e-01 1.06927685e-01
 1.01256754e-01 0.00000000e+00 8.38887929e-01 9.39476610e-02
 4.78562717e-01 0.00000000e+00 5.46751828e-01 9.09503413e-02
 5.03622633e+00 1.08218638e-01 2.08793147e+00 1.08592166e-01
 0.00000000e+00 2.54213844e-01 0.00000000e+00 1.04960741e-01
 0.00000000e+00 0.00000000e+00 1.02789627e-01 1.28687229e-02
 0.00000000e+00 0.00000000e+00 0.00000000e+00 1.03124900e-01
 1.03810840e-01 0.00000000e+00 0.00000000e+00 0.00000000e+00
 7.88874754e-01 1.24399953e+00 4.14296849e+00 2.05362852e-01
 1.03570018e-01 1.27552787e-01 4.44661317e-01 2.24618649e+01
 7.45383811e-01 1.05332222e+00 0.00000000e+00 1.01530237e-01
 8.64004948e-01 3.81606825e+00 8.86242641e+00 1.13347707e-01
 1.16636965e-01 6.58548797e-02 0.00000000e+00 1.70787677e-01
 0.00000000e+00 3.17402493e-02 0.00000000e+00 0.00000000e+00
 1.03066648e-01 7.06559552e-02 2.02663931e-01 3.49952991e+00
 1.16679696e-03 1.03361041e-01 9.61106138e-02 3.45169393e+00
 0.00000000e+00 1.05937356e-01 1.02951106e-01 0.00000000e+00
 2.36531148e-01 0.00000000e+00 1.27471860e-01 2.18671670e+00
 7.26057690e-02 0.00000000e+00 0.00000000e+00 1.76225985e-01
 1.03360982e-01 2.42528525e-01 1.97482365e+00 0.00000000e+00]
6
1.0
[[nan]
 [nan]]
