[0.00000000e+00 7.75942467e-01 3.59205783e-02 4.66879133e-01
 0.00000000e+00 1.82185791e-01 0.00000000e+00 0.00000000e+00
 0.00000000e+00 1.73059701e-01 2.09547083e-01 0.00000000e+00
 3.95246814e-01 5.59581469e+00 0.00000000e+00 0.00000000e+00
 0.00000000e+00 2.99462110e-01 0.00000000e+00 3.60519627e+00
 3.22086981e+00 0.00000000e+00 0.00000000e+00 4.78980256e-01
 3.56236039e-01 0.00000000e+00 9.11555475e-01 1.48791701e+01
 4.13711122e+00 2.30545063e-01 9.83996828e-01 0.00000000e+00
 1.50238250e+00 2.45807135e-01 0.00000000e+00 3.79155136e-01
 0.00000000e+00 2.51682480e+00 2.53885543e+00 2.46407819e-01
 1.94680158e-01 4.43538547e-01 0.00000000e+00 0.00000000e+00
 6.70718020e-01 5.69725098e-02 1.69301735e-01 1.52254454e+00
 0.00000000e+00 8.28970163e-01 2.10096699e-01 0.00000000e+00
 2.22068962e-01 0.00000000e+00 1.92434294e-01 1.72082969e-01
 8.59587449e-01 2.22585677e-01 6.51632197e-01 2.62350875e+00
 9.43160298e-02 2.11536196e-02 1.75237851e+01 1.45762907e-01
 1.33197572e-01 1.68262210e+00 1.14755744e+01 8.38129576e-02
 6.87938984e+00 0.00000000e+00 0.00000000e+00 0.00000000e+00
 1.01966813e+00 0.00000000e+00 0.00000000e+00 3.02445231e-01
 3.89112070e-01 1.57141192e+00 2.09599252e-01 2.99451327e-01
 0.00000000e+00 1.89550962e-01 0.00000000e+00 0.00000000e+00
 2.10813023e-01 6.78925066e-01 1.66311041e+00 3.51715958e-01
 2.25444308e-01 3.23036822e-01 9.01141793e-01 7.61829357e-01
 0.00000000e+00 2.12918311e-01 2.09765758e-01 6.88989855e-04
 2.19163817e-01 2.15432602e-01 2.67411763e-01 2.10073940e-01]
6
1.0
[[nan]
 [nan]]
[[[-0.8904062  -0.89282537 -0.8956794  ... -0.8954781  -0.89151883
   -0.82162166]
  [-0.8904062  -0.89282537 -0.8956794  ... -0.8954781  -0.89151883
   -0.82162166]
  [-0.8904062  -0.89282537 -0.8956794  ... -0.8954781  -0.89151883
   -0.82162166]
  ...
  [-0.8904062  -0.89282537 -0.8956794  ... -0.8954781  -0.89151883
   -0.82162166]
  [-0.8904062  -0.89282537 -0.8956794  ... -0.8954781  -0.89151883
   -0.82162166]
  [-0.8904062  -0.89282537 -0.8956794  ... -0.8954781  -0.89151883
   -0.82162166]]

 [[-0.8911782  -0.89284706 -0.89566195 ... -0.895473   -0.8915188
   -0.8216216 ]
  [-0.8911782  -0.89284706 -0.89566195 ... -0.895473   -0.8915188
   -0.8216216 ]
  [-0.8911782  -0.89284706 -0.89566195 ... -0.895473   -0.8915188
   -0.8216216 ]
  ...
  [-0.8911782  -0.89284706 -0.89566195 ... -0.895473   -0.8915188
   -0.8216216 ]
  [-0.8911782  -0.89284706 -0.89566195 ... -0.895473   -0.8915188
   -0.8216216 ]
  [-0.8911782  -0.89284706 -0.89566195 ... -0.895473   -0.8915188
   -0.8216216 ]]

 [[-0.8904525  -0.8928335  -0.89571124 ... -0.8954745  -0.89151853
   -0.8216214 ]
  [-0.8904525  -0.8928335  -0.89571124 ... -0.8954745  -0.89151853
   -0.8216214 ]
  [-0.8904525  -0.8928335  -0.89571124 ... -0.8954745  -0.89151853
   -0.8216214 ]
  ...
  [-0.8904525  -0.8928335  -0.89571124 ... -0.8954745  -0.89151853
   -0.8216214 ]
  [-0.8904525  -0.8928335  -0.89571124 ... -0.8954745  -0.89151853
   -0.8216214 ]
  [-0.8904525  -0.8928335  -0.89571124 ... -0.8954745  -0.89151853
   -0.8216214 ]]

 ...

 [[ 0.99899995  0.99899995  0.99899995 ...  0.99899995  0.99899995
    0.99899995]
  [ 0.99899995  0.99899995  0.99899995 ...  0.99899995  0.99899995
    0.99899995]
  [ 0.99899995  0.99899995  0.99899995 ...  0.99899995  0.99899995
    0.99899995]
  ...
  [ 0.99899995  0.99899995  0.99899995 ...  0.99899995  0.99899995
    0.99899995]
  [ 0.99899995  0.99899995  0.99899995 ...  0.99899995  0.99899995
    0.99899995]
  [ 0.99899995  0.99899995  0.99899995 ...  0.99899995  0.99899995
    0.99899995]]

 [[ 0.99899995  0.99899995  0.99899995 ...  0.99899995  0.99899995
    0.99899995]
  [ 0.99899995  0.99899995  0.99899995 ...  0.99899995  0.99899995
    0.99899995]
  [ 0.99899995  0.99899995  0.99899995 ...  0.99899995  0.99899995
    0.99899995]
  ...
  [ 0.99899995  0.99899995  0.99899995 ...  0.99899995  0.99899995
    0.99899995]
  [ 0.99899995  0.99899995  0.99899995 ...  0.99899995  0.99899995
    0.99899995]
  [ 0.99899995  0.99899995  0.99899995 ...  0.99899995  0.99899995
    0.99899995]]

 [[ 0.99899995  0.99899995  0.99899995 ...  0.99899995  0.99899995
    0.99899995]
  [ 0.99899995  0.99899995  0.99899995 ...  0.99899995  0.99899995
    0.99899995]
  [ 0.99899995  0.99899995  0.99899995 ...  0.99899995  0.99899995
    0.99899995]
  ...
  [ 0.99899995  0.99899995  0.99899995 ...  0.99899995  0.99899995
    0.99899995]
  [ 0.99899995  0.99899995  0.99899995 ...  0.99899995  0.99899995
    0.99899995]
  [ 0.99899995  0.99899995  0.99899995 ...  0.99899995  0.99899995
    0.99899995]]]
[0.00000000e+00 7.37779113e-02 4.78560838e-02 8.36069127e-02
 1.80280335e+00 0.00000000e+00 7.76018021e-02 1.12393591e+00
 3.70671878e-01 3.45572089e+00 0.00000000e+00 1.14335895e-01
 0.00000000e+00 1.20588316e+00 2.72165980e+00 1.11798873e+00
 0.00000000e+00 4.82850736e-01 7.26099583e-02 7.31485232e+00
 6.71004088e-02 0.00000000e+00 7.69072591e-02 0.00000000e+00
 5.99688829e-02 0.00000000e+00 7.82438020e-02 1.19668296e-01
 4.15099158e-02 6.78872058e-01 0.00000000e+00 4.38174691e-02
 0.00000000e+00 7.41655778e-02 0.00000000e+00 1.11347105e-01
 7.07743302e-02 5.37717949e-02 7.04026469e-02 0.00000000e+00
 3.69715352e-02 7.32625192e-02 5.62277044e-01 0.00000000e+00
 7.07814074e-02 1.24961238e-01 2.83970620e-02 0.00000000e+00
 1.06495643e+00 7.17869517e-02 1.26557864e-01 3.20930995e+00
 0.00000000e+00 0.00000000e+00 1.00343255e-01 2.94215016e+00
 7.41150214e-02 6.46130590e-02 1.20114402e-01 0.00000000e+00
 0.00000000e+00 6.51298536e-02 3.35419857e+01 7.42087317e-02
 0.00000000e+00 7.38243141e-02 1.34039472e-01 7.41221292e-02
 7.43347980e-02 7.92398747e-02 0.00000000e+00 0.00000000e+00
 1.93466556e-01 0.00000000e+00 7.52741139e-02 0.00000000e+00
 0.00000000e+00 0.00000000e+00 1.51966476e-01 3.14762783e-02
 7.10128941e-02 2.03971672e+00 5.08470989e-01 7.41429033e-02
 6.65710405e-01 9.14533948e-02 1.59327389e-02 0.00000000e+00
 2.50642594e-01 2.70336203e-02 7.35410984e-02 1.33695416e-01
 0.00000000e+00 0.00000000e+00 0.00000000e+00 5.59017352e-01
 0.00000000e+00 7.00814039e-02 6.48801954e-01 4.25618262e-01]
6
1.0
[[nan]
 [nan]]
[1.02490384e-01 1.69750879e-01 0.00000000e+00 2.20183751e+01
 1.00854370e-04 0.00000000e+00 1.21739247e-01 1.26738707e+00
 1.88532976e-01 2.64377372e-01 1.02963699e-01 2.22763416e-01
 9.82777152e-02 0.00000000e+00 1.02263726e+00 1.02538265e-01
 7.04643306e-01 3.07291220e+00 0.00000000e+00 9.69837011e-02
 1.09405330e-01 1.69113784e-01 0.00000000e+00 7.37909854e-02
 1.03287340e+00 2.21639589e+00 2.44732573e+00 1.73186666e-01
 3.91744061e-01 3.92742713e-02 0.00000000e+00 8.79658037e-01
 1.02687594e-01 3.52208320e-01 3.42100226e-01 0.00000000e+00
 0.00000000e+00 0.00000000e+00 4.74857957e-01 9.34443476e-02
 1.01930770e-01 9.36373187e-02 4.40409468e-01 0.00000000e+00
 1.02126216e-01 1.57674647e-01 1.79777231e-01 5.92075236e-01
 0.00000000e+00 4.07307132e-02 0.00000000e+00 2.63824058e-01
 1.02930068e-01 2.89748291e-01 0.00000000e+00 1.01572415e-01
 1.02690009e-01 0.00000000e+00 0.00000000e+00 1.77794118e-01
 1.26800501e+00 0.00000000e+00 1.03316166e-01 2.68483018e-01
 3.52874673e+00 0.00000000e+00 0.00000000e+00 0.00000000e+00
 1.06020727e+01 1.24731166e+00 0.00000000e+00 1.02278739e-01
 1.02689881e-01 4.47641160e+00 0.00000000e+00 0.00000000e+00
 0.00000000e+00 0.00000000e+00 0.00000000e+00 6.87945843e-01
 0.00000000e+00 0.00000000e+00 1.61255158e+01 1.03688965e-01
 0.00000000e+00 8.44313597e-02 0.00000000e+00 1.02895238e-01
 1.77458459e-01 4.13960098e-01 5.98616738e-02 2.13852944e+00
 1.91479404e-01 3.04922853e-02 1.02471171e-01 2.59073959e-01
 1.03261028e-01 0.00000000e+00 1.08331520e-01 1.09993104e-01]
6
1.0
[[nan]
 [nan]]
[0.00000000e+00 3.30272298e+00 0.00000000e+00 1.20080777e-01
 1.14021031e-01 0.00000000e+00 3.61866792e-01 9.47310459e-02
 1.13340670e-01 0.00000000e+00 0.00000000e+00 1.51345230e-01
 1.32263581e-01 1.73266239e-01 3.99484731e+00 1.61890808e-01
 1.91578425e+00 1.13613254e-01 0.00000000e+00 0.00000000e+00
 9.09525788e-03 2.43665844e+00 2.31809618e-01 4.12765305e-01
 7.13178539e-02 5.64214690e-03 4.63869013e-03 1.24800068e-01
 0.00000000e+00 0.00000000e+00 0.00000000e+00 0.00000000e+00
 0.00000000e+00 1.13325658e-01 1.13255287e-01 2.82853820e-01
 1.09989028e-01 1.60859238e-01 9.05760026e-01 0.00000000e+00
 0.00000000e+00 6.95001387e-01 7.83497662e-02 4.72963111e-01
 1.13327882e-01 1.12469635e-01 0.00000000e+00 1.68696489e+00
 1.18249886e-01 4.77683297e-01 5.64853350e-02 0.00000000e+00
 1.45605513e-01 9.60943011e-01 1.13278532e-01 4.04573943e+00
 4.74844289e-01 2.72106887e+00 1.17589183e-01 4.11958313e+00
 0.00000000e+00 5.45632968e-01 0.00000000e+00 0.00000000e+00
 0.00000000e+00 8.37260027e-01 1.94157649e-01 7.32308522e-02
 1.17363826e+01 1.56716619e+00 0.00000000e+00 1.13290186e-01
 1.13267777e-01 1.29855533e+00 0.00000000e+00 0.00000000e+00
 3.93036219e+00 1.58957203e+00 0.00000000e+00 1.13833963e-01
 8.04456979e+00 0.00000000e+00 3.02347759e+00 1.14084003e-01
 7.28055578e-01 0.00000000e+00 0.00000000e+00 0.00000000e+00
 1.31042158e-01 8.82519069e+00 0.00000000e+00 7.41278781e+00
 6.09915272e+00 6.69440139e-01 6.92495658e+00 1.29747560e-01
 0.00000000e+00 9.20355444e+00 1.11440032e+00 1.11704821e-01]
6
1.0
[[nan]
 [nan]]
[5.34082353e-01 0.00000000e+00 6.75277076e-01 0.00000000e+00
 6.89749210e-02 2.20541792e+00 2.33269433e+00 1.59462311e-01
 1.44638342e-03 5.45598595e-01 0.00000000e+00 0.00000000e+00
 1.47895653e+00 0.00000000e+00 8.15196084e-02 7.38709791e-02
 4.72419878e-02 2.84586341e-02 5.73384674e+00 1.47592738e-01
 2.96817777e-02 3.82826234e-02 0.00000000e+00 7.90541657e-01
 8.15493886e-02 5.76246596e-02 1.04752308e-01 4.39935990e-01
 2.78706581e-01 8.98913050e-02 0.00000000e+00 2.33784464e-01
 8.42433475e-01 4.32117863e-01 8.62914821e+00 1.25785437e-01
 8.15451063e-02 1.08366657e-01 8.30503755e-02 4.26583969e-01
 0.00000000e+00 8.57256896e-02 8.15061489e-02 1.02914882e-01
 0.00000000e+00 0.00000000e+00 8.91730380e-02 7.53971709e-02
 0.00000000e+00 1.05587303e-01 1.46721927e+00 2.27179471e-01
 1.42769078e+01 0.00000000e+00 4.31189263e+00 0.00000000e+00
 9.95860201e-01 6.88332123e+00 0.00000000e+00 1.64761717e+00
 0.00000000e+00 8.51141947e-01 1.11313440e-01 0.00000000e+00
 0.00000000e+00 9.18027619e-02 4.26603759e+00 0.00000000e+00
 1.18453500e+00 5.37434501e-01 2.74551616e-01 0.00000000e+00
 6.48621905e-02 0.00000000e+00 1.74620712e+00 1.19544531e-01
 7.67100897e-02 0.00000000e+00 0.00000000e+00 4.39696980e+00
 6.59442059e-02 3.91607082e-01 0.00000000e+00 4.15894778e+00
 0.00000000e+00 9.15346438e-02 2.62937625e-01 8.14959091e-02
 0.00000000e+00 8.20162231e-02 7.16259214e-02 1.28774349e+00
 0.00000000e+00 9.65640893e-01 0.00000000e+00 0.00000000e+00
 1.97302280e+00 1.58580391e+00 0.00000000e+00 0.00000000e+00]
6
1.0
[[nan]
 [nan]]
[1.16602000e-02 0.00000000e+00 9.89654399e-01 5.64987886e-03
 0.00000000e+00 0.00000000e+00 2.30797493e+00 9.65129302e-02
 9.52010387e-02 0.00000000e+00 9.20699447e-02 0.00000000e+00
 2.75370771e-01 1.95377785e+00 9.51059273e-02 0.00000000e+00
 2.61204559e-01 9.18528681e-02 0.00000000e+00 0.00000000e+00
 1.08565428e-01 5.02458339e+00 8.42895204e-02 1.55046325e+01
 0.00000000e+00 1.86025986e-02 9.53567327e-02 4.45654524e+00
 0.00000000e+00 0.00000000e+00 9.54399132e-02 3.06894466e+00
 3.60358588e-02 9.68391492e-02 9.00005490e-02 0.00000000e+00
 2.11990984e+00 1.41668260e+00 0.00000000e+00 7.70639021e-01
 3.34823474e-01 0.00000000e+00 5.68952478e-02 9.06460370e-02
 0.00000000e+00 3.17693403e-01 9.45631080e-02 1.96153700e-01
 3.10245610e-01 1.37066767e-01 2.06825029e-01 0.00000000e+00
 0.00000000e+00 7.30592150e+00 1.90218731e-01 8.44469275e-02
 3.43834129e+00 8.57263834e-02 1.87029048e-01 2.41886961e-01
 0.00000000e+00 2.07425500e+00 5.51182103e-01 0.00000000e+00
 8.69692219e-01 8.30874972e-02 9.01607883e-02 8.65723840e-01
 0.00000000e+00 1.03758503e-01 9.36724800e-01 5.39236169e-02
 0.00000000e+00 9.39574833e-02 4.23286661e-02 9.58210414e-01
 2.59884848e-01 7.04681057e-01 3.12938431e-01 0.00000000e+00
 0.00000000e+00 1.77474745e-01 0.00000000e+00 0.00000000e+00
 0.00000000e+00 1.51561659e+00 3.24651495e-01 0.00000000e+00
 8.15895001e-02 0.00000000e+00 1.03491842e-01 0.00000000e+00
 1.91667199e-01 6.56065120e-01 9.24741864e-02 1.37791774e-01
 1.35617005e-01 9.49383300e-02 2.66922989e+00 0.00000000e+00]
6
1.0
[[nan]
 [nan]]
[3.22523650e-01 8.21462667e-02 8.18411334e-02 9.93691783e-03
 0.00000000e+00 9.33246119e-02 8.08146158e-02 5.28582693e-01
 1.49186660e+00 3.95552970e-01 0.00000000e+00 1.74007444e-01
 0.00000000e+00 8.13414135e-02 8.17757012e-02 8.96243258e-02
 3.95666617e+00 0.00000000e+00 0.00000000e+00 3.86891830e+00
 0.00000000e+00 9.03815180e-02 1.31989423e-01 8.44096695e-02
 7.82502285e-02 1.13525140e-01 7.61273473e-02 1.55803802e-01
 8.78989703e-02 0.00000000e+00 0.00000000e+00 9.08602941e-02
 0.00000000e+00 8.43384637e-02 1.79300733e+00 5.34996384e+00
 2.78435561e+00 0.00000000e+00 0.00000000e+00 5.51750732e-02
 0.00000000e+00 0.00000000e+00 0.00000000e+00 1.42442906e+01
 0.00000000e+00 1.57722293e-01 0.00000000e+00 0.00000000e+00
 9.97224442e-01 0.00000000e+00 8.11286460e-02 3.88258508e-02
 8.17538262e-02 0.00000000e+00 5.55534616e+00 3.79452939e-01
 8.24710582e-02 1.02332469e+00 0.00000000e+00 8.15368016e-02
 6.96267655e+00 3.23754641e-02 6.59470338e-01 0.00000000e+00
 9.30120333e+00 2.17314221e-01 0.00000000e+00 1.03601180e-01
 0.00000000e+00 8.88988693e-02 5.86861199e-01 8.26930157e-02
 9.85972457e-01 0.00000000e+00 1.88055487e-01 0.00000000e+00
 0.00000000e+00 2.18065171e+00 7.75681274e-02 7.77777979e-02
 7.09205926e-01 8.28752879e-01 0.00000000e+00 6.73557363e-02
 1.05751219e-01 6.25090479e-01 3.55526404e-01 1.55142517e-01
 7.86752485e-02 1.01345777e+00 4.94829700e-01 2.71259393e+00
 1.02129642e-01 2.49040164e+00 0.00000000e+00 0.00000000e+00
 0.00000000e+00 8.24772818e-02 3.17181532e-01 9.53469069e-02]
6
1.0
[[nan]
 [nan]]
[0.00000000e+00 1.61348201e+01 1.20954998e+00 6.25921901e-01
 0.00000000e+00 3.87074003e+00 1.42365529e-01 1.08412605e+00
 0.00000000e+00 1.82528169e-01 0.00000000e+00 1.94988650e-01
 2.17339859e+00 1.32968314e-01 0.00000000e+00 4.95793754e-01
 0.00000000e+00 4.10731597e+00 6.91258676e-02 5.65349840e-02
 1.39858881e-01 9.89474550e-01 1.44918483e-01 6.38994135e-01
 2.88878484e-01 1.74716588e+00 0.00000000e+00 0.00000000e+00
 1.24676933e+00 7.03476766e-01 1.19802882e-01 0.00000000e+00
 4.06093061e+00 0.00000000e+00 1.16131855e+00 1.33003505e-01
 5.08270752e-01 1.76404677e-01 0.00000000e+00 0.00000000e+00
 1.83375197e-01 2.37704382e+00 9.89098604e-01 1.51474878e-01
 1.42399219e-01 9.62007709e-01 0.00000000e+00 1.46176117e-01
 0.00000000e+00 8.29076548e-01 6.25921379e-01 1.01518775e+01
 0.00000000e+00 0.00000000e+00 1.51719490e-01 1.53129846e-01
 0.00000000e+00 7.92338520e+00 3.30001704e+00 1.71245622e+00
 1.42309125e-01 6.46937152e-02 1.60594086e-01 1.80345142e-01
 0.00000000e+00 4.18526072e-01 4.45642747e-01 0.00000000e+00
 5.63802801e+00 0.00000000e+00 1.42303772e-01 3.42454176e-01
 1.41924532e-01 0.00000000e+00 6.98676971e-01 0.00000000e+00
 1.24145460e+00 0.00000000e+00 1.12727970e-02 1.11501140e-01
 3.43949442e-01 1.81654403e+00 2.76173049e+00 0.00000000e+00
 2.19613772e+00 0.00000000e+00 0.00000000e+00 0.00000000e+00
 1.45943311e-01 1.42329330e-01 0.00000000e+00 0.00000000e+00
 2.17741702e-03 0.00000000e+00 1.47050235e-01 1.52425929e-01
 8.00619078e-02 1.42388633e-01 1.28226369e-01 2.23188234e+00]
6
1.0
[[nan]
 [nan]]
[0.00000000e+00 0.00000000e+00 0.00000000e+00 7.68335027e-02
 1.56612690e-01 2.20675346e-01 0.00000000e+00 1.41058972e-01
 1.14582958e-01 1.30952594e-01 4.33357783e-01 1.56108111e-01
 4.68788001e+00 0.00000000e+00 1.60513352e-01 0.00000000e+00
 2.06448299e-02 1.77229217e-01 0.00000000e+00 3.22484168e+00
 5.07236592e-02 3.46218919e+00 4.04894850e+00 0.00000000e+00
 1.18543127e-01 0.00000000e+00 9.13823784e-02 1.57139490e-01
 1.56118080e-01 0.00000000e+00 0.00000000e+00 2.54584983e-01
 0.00000000e+00 0.00000000e+00 1.56123539e-01 1.95019433e-01
 1.56133364e-01 0.00000000e+00 0.00000000e+00 0.00000000e+00
 4.22314148e-01 1.53821530e-01 1.56127942e-01 5.67041007e-02
 0.00000000e+00 8.29195444e+00 0.00000000e+00 1.87458693e-01
 1.81311916e-01 0.00000000e+00 1.31012637e+00 1.75995540e-01
 0.00000000e+00 0.00000000e+00 0.00000000e+00 2.28480585e+00
 2.36242149e-01 1.47821062e+00 4.61755706e-01 4.74053377e+00
 1.51346187e-01 1.33348598e-01 1.14309984e-01 1.32345306e-01
 1.52193663e-01 1.13642562e-02 0.00000000e+00 0.00000000e+00
 3.93565468e+01 8.74746812e-01 0.00000000e+00 3.25498174e-01
 4.87629446e+00 1.39868800e-01 3.98314198e-01 1.56036572e-01
 0.00000000e+00 4.71161961e+00 1.55916631e-01 7.57051407e-02
 0.00000000e+00 1.94358699e-01 1.12873202e+00 1.54197428e-01
 0.00000000e+00 1.57089984e-01 0.00000000e+00 2.18283189e-01
 2.77710903e-01 1.58766239e-01 1.55935778e-01 2.23627056e-01
 1.66192091e-01 3.09406609e-01 1.79883273e-01 1.78477400e-01
 0.00000000e+00 2.09987142e-01 1.43716192e+00 1.07662309e+01]
6
1.0
[[nan]
 [nan]]
[0.00000000e+00 0.00000000e+00 0.00000000e+00 5.29053893e-02
 2.01974340e+00 6.42889441e-01 0.00000000e+00 0.00000000e+00
 7.82444389e-03 0.00000000e+00 3.83724601e-02 1.21245207e-01
 9.85549140e-02 9.62070438e-02 0.00000000e+00 1.36698765e-01
 1.29043513e-01 9.56511188e-02 9.83353525e-02 9.64702935e-02
 1.41035403e-01 3.79033634e-01 8.11502665e+00 8.71318212e-02
 7.13932468e+00 1.08456840e-01 0.00000000e+00 0.00000000e+00
 0.00000000e+00 4.58263468e+00 1.22231920e+00 1.59793142e-01
 0.00000000e+00 0.00000000e+00 7.33779427e-01 5.45324592e+00
 2.08021243e+00 1.76103997e-01 9.09472640e-02 0.00000000e+00
 0.00000000e+00 0.00000000e+00 9.68483720e-02 1.65296067e-01
 1.72309224e-01 9.18636987e-02 4.75658492e-01 2.09421242e-01
 1.61370658e+01 5.32868807e+00 1.50770875e-01 0.00000000e+00
 1.88805503e-01 2.27560589e+00 4.61345698e-02 9.84460816e-02
 3.16683468e+01 2.25833575e+00 9.91220790e-02 9.66474769e-02
 9.10417990e-02 0.00000000e+00 9.70197771e-02 0.00000000e+00
 0.00000000e+00 1.21189654e-01 1.21425161e-01 1.31733659e-01
 9.41304040e-02 1.91279834e-01 0.00000000e+00 0.00000000e+00
 0.00000000e+00 3.03785941e-01 9.58717441e-02 7.05719418e-02
 3.04951237e-01 0.00000000e+00 0.00000000e+00 6.29660767e-01
 8.32870397e-02 0.00000000e+00 0.00000000e+00 0.00000000e+00
 2.11163573e+00 0.00000000e+00 9.52546054e-02 3.13173584e-01
 0.00000000e+00 1.26147269e+01 1.29351198e-01 9.06267490e-02
 9.97867065e-02 1.24637423e-01 0.00000000e+00 4.55334502e-01
 1.04198662e-01 6.61603417e+00 6.37856709e-02 2.83543498e-01]
6
1.0
[[nan]
 [nan]]
[0.00000000e+00 0.00000000e+00 8.17959204e-01 3.02213414e+00
 1.61320664e+00 3.70345048e-01 1.67750152e-01 1.15398463e+00
 1.91772462e-01 2.60558884e+00 1.38805412e-01 5.34532568e-02
 1.33463829e-01 2.10317071e-01 1.98576825e-01 1.50125421e-01
 0.00000000e+00 0.00000000e+00 0.00000000e+00 1.43665563e-01
 1.56930829e-01 0.00000000e+00 4.49625560e-01 4.91624455e-01
 1.29949586e-01 2.16057979e+00 7.01138120e-01 0.00000000e+00
 0.00000000e+00 0.00000000e+00 5.10047135e+00 0.00000000e+00
 3.29759137e+00 3.74134858e-01 0.00000000e+00 7.93684107e+00
 0.00000000e+00 5.36997719e-01 3.47939266e-02 4.45991846e+00
 0.00000000e+00 0.00000000e+00 3.17349512e+00 1.49769354e+00
 2.34673733e-01 1.53457583e-01 1.39839160e-01 4.66783433e+00
 1.53749099e-01 1.30126098e-02 0.00000000e+00 0.00000000e+00
 6.42333307e+00 4.07607881e-01 1.34800627e+00 1.72877641e-01
 0.00000000e+00 3.34177254e-01 1.47675628e-01 4.33103968e+00
 4.92983354e-01 0.00000000e+00 1.86577871e-01 6.71704818e-01
 1.71129598e-01 2.01535076e-01 1.04335864e+00 0.00000000e+00
 1.14269879e+01 1.87130764e-01 3.62628396e+00 0.00000000e+00
 2.59454949e-01 0.00000000e+00 3.65819449e+00 4.73651371e-01
 1.79352969e-01 1.51048519e-01 0.00000000e+00 1.37576585e-01
 5.14123105e-01 1.50066568e-04 0.00000000e+00 0.00000000e+00
 4.77567023e+00 0.00000000e+00 0.00000000e+00 0.00000000e+00
 2.13796754e-01 2.40279736e-01 1.50904699e-01 9.47785757e-03
 4.19160463e+00 2.31197115e-01 0.00000000e+00 3.36103040e+00
 2.90707716e+00 1.27638202e-01 0.00000000e+00 0.00000000e+00]
6
1.0
[[nan]
 [nan]]
[1.81293804e-02 0.00000000e+00 1.21544642e-02 1.56451652e-02
 2.16100428e-01 9.79464854e-02 1.44938523e-01 3.15498796e-01
 1.39063252e-02 0.00000000e+00 0.00000000e+00 5.12121408e-01
 4.24024072e-01 1.39232857e-02 1.39780587e-02 1.72554422e+00
 0.00000000e+00 1.51647367e-02 1.76261480e+00 1.09171238e+01
 9.50009729e+00 1.85227187e-02 1.36724880e-02 2.14675643e+00
 1.43327698e-02 2.82963216e+00 2.45013404e-02 0.00000000e+00
 1.32454588e-02 2.31161335e+00 0.00000000e+00 6.75145205e-01
 0.00000000e+00 1.39224401e-02 1.85950499e-02 4.62270786e-02
 2.75757726e-01 0.00000000e+00 1.38300157e-01 0.00000000e+00
 4.23574368e-02 0.00000000e+00 1.10437265e+00 2.70344225e-02
 1.82419432e-02 1.28041445e-02 0.00000000e+00 2.55776870e+00
 0.00000000e+00 6.04461783e-02 5.46931870e-03 8.06263932e-01
 0.00000000e+00 5.17565033e-01 1.37443692e-02 1.27508388e+00
 1.38982119e+00 2.88109597e-02 1.25602416e-02 0.00000000e+00
 0.00000000e+00 1.43459796e-01 1.42116057e-02 5.01174260e-02
 0.00000000e+00 0.00000000e+00 1.03326743e-01 2.24028610e+00
 0.00000000e+00 1.75933061e-02 0.00000000e+00 8.94864290e+00
 3.26779831e+00 0.00000000e+00 1.39775733e-02 2.80636811e-01
 4.08678498e-01 0.00000000e+00 2.73276449e-01 0.00000000e+00
 5.54400702e-02 0.00000000e+00 0.00000000e+00 5.96053376e-01
 2.54490189e+00 0.00000000e+00 0.00000000e+00 1.65669860e+00
 4.27827640e-02 0.00000000e+00 1.47651974e+00 0.00000000e+00
 3.13487490e-01 8.98074078e-02 1.98072618e-02 9.42887126e-01
 0.00000000e+00 1.48306179e-02 0.00000000e+00 9.00314533e-02]
6
1.0
[[nan]
 [nan]]
[6.45710879e-02 2.14035509e-01 2.71475958e-01 2.42550827e-01
 1.78688992e-01 1.76550590e+01 0.00000000e+00 0.00000000e+00
 2.30739123e-02 0.00000000e+00 3.92958297e-01 0.00000000e+00
 2.17758173e+00 0.00000000e+00 1.81651121e-01 2.81807869e+00
 1.90422988e-01 4.26763976e-01 3.84719153e+00 0.00000000e+00
 3.16562186e-01 4.62035742e+00 0.00000000e+00 1.36110847e-01
 5.29551047e-03 0.00000000e+00 0.00000000e+00 4.38857196e+01
 1.13536618e-01 0.00000000e+00 2.27003296e-01 1.12611894e+00
 1.82301539e-01 3.24083787e-01 4.05579112e-01 0.00000000e+00
 1.76578434e-01 2.73537519e-01 0.00000000e+00 0.00000000e+00
 1.86389404e+00 0.00000000e+00 2.35043440e-01 1.78460783e-01
 1.81785657e-01 0.00000000e+00 1.62322915e-01 0.00000000e+00
 1.52846584e-01 9.17363962e-01 1.81066449e-01 1.91002961e-01
 0.00000000e+00 0.00000000e+00 1.79868063e-01 2.09031162e-01
 0.00000000e+00 2.08914135e-01 1.78757841e-01 2.01610620e-01
 1.17567379e+01 1.73032381e-01 5.12873855e-01 0.00000000e+00
 6.79458503e-01 1.97022225e-01 1.85942457e-01 1.50327969e-01
 1.81797855e-01 1.83510056e-01 1.81791914e-01 5.97043878e-02
 0.00000000e+00 2.13192906e-01 0.00000000e+00 0.00000000e+00
 0.00000000e+00 2.67430106e-01 7.30188048e+00 2.30470088e-01
 3.67053636e-01 7.21794585e-01 3.33320010e+00 3.21251204e-01
 0.00000000e+00 5.59027641e-01 0.00000000e+00 0.00000000e+00
 0.00000000e+00 1.81923650e-01 4.21812563e-01 9.42706427e-01
 2.02354436e-01 1.80846975e-01 3.26125924e+00 1.89748342e-01
 0.00000000e+00 0.00000000e+00 7.77253345e-02 2.07554742e-01]
6
1.0
[[nan]
 [nan]]
[0.00000000e+00 1.17084810e-01 5.56048608e-01 1.08466408e-01
 0.00000000e+00 4.23217409e+00 0.00000000e+00 0.00000000e+00
 4.39711823e+00 1.73250326e-01 0.00000000e+00 1.34987423e+00
 1.26154319e-01 0.00000000e+00 6.16332946e-01 7.27549150e-02
 5.38177515e+00 6.87803240e-02 7.69912626e-02 1.06985451e-01
 6.97703017e-02 1.25823926e+01 0.00000000e+00 0.00000000e+00
 1.20469502e+00 0.00000000e+00 7.44851888e-02 0.00000000e+00
 0.00000000e+00 1.25817589e-01 0.00000000e+00 5.41043292e-02
 2.75461073e-01 1.13295530e-01 0.00000000e+00 1.35817034e-01
 0.00000000e+00 0.00000000e+00 1.17242352e+00 0.00000000e+00
 1.59675781e+00 2.65556575e-01 1.13408384e-01 2.72448265e-01
 0.00000000e+00 0.00000000e+00 1.59802845e-01 9.48561601e-01
 0.00000000e+00 0.00000000e+00 3.31325548e-02 1.45952420e-01
 0.00000000e+00 1.70379295e-01 1.07933089e-01 0.00000000e+00
 1.51076592e-01 1.12278266e-01 8.83698795e+00 0.00000000e+00
 1.13068289e-01 2.76196321e+00 3.70251031e+00 1.36709705e-01
 1.37073725e+00 0.00000000e+00 1.92347367e-01 5.15728638e+00
 0.00000000e+00 6.95317100e-02 3.29940693e+01 1.22765512e+00
 9.06265652e-01 1.12672947e-01 1.13346617e-01 0.00000000e+00
 0.00000000e+00 1.46508464e+00 2.65120976e-03 8.82009402e-01
 1.16724398e-01 0.00000000e+00 5.01050423e-02 1.60614667e+00
 1.11743337e-01 1.46855117e-01 7.89016171e-02 1.13300055e-01
 1.08116699e-01 1.52025618e-01 2.84631758e-01 1.12870252e-01
 2.09744168e+00 0.00000000e+00 1.22238483e-01 5.35688722e-01
 0.00000000e+00 8.52073595e-01 1.10718730e-01 7.41953601e-01]
6
1.0
[[nan]
 [nan]]
[6.03573043e-02 0.00000000e+00 0.00000000e+00 6.53232659e-01
 7.44095703e+00 6.34152652e-02 1.70198639e-01 5.98851564e-02
 1.77819862e+00 0.00000000e+00 6.10993232e+00 0.00000000e+00
 6.31667297e-02 0.00000000e+00 0.00000000e+00 7.08575493e-02
 6.32423292e-02 2.05369439e-02 0.00000000e+00 0.00000000e+00
 6.31784343e-02 0.00000000e+00 0.00000000e+00 2.79175905e-01
 1.67786650e-02 1.18141358e-01 2.11882595e-01 5.94094416e-02
 1.40533953e-01 1.70764795e-01 6.31665517e-02 4.15830804e-02
 3.21456210e+00 0.00000000e+00 3.60399357e+00 8.43265186e-01
 0.00000000e+00 6.00730091e-02 0.00000000e+00 0.00000000e+00
 0.00000000e+00 2.58169934e-01 3.52289157e-02 6.17984068e-02
 6.30222962e-02 0.00000000e+00 0.00000000e+00 4.99521136e-02
 4.35780968e-02 6.39244496e-02 1.25373332e+00 0.00000000e+00
 0.00000000e+00 1.11095118e+00 3.13100171e-01 1.63250708e-01
 1.62853022e-01 1.01800526e-01 8.84850616e-01 5.09678967e-02
 2.49499831e-02 1.76741475e+00 2.32938582e-02 5.22585989e-01
 0.00000000e+00 2.79329915e+00 2.17726291e+00 4.90308510e-02
 3.62623921e+00 6.79727747e-02 0.00000000e+00 6.33628339e-02
 0.00000000e+00 0.00000000e+00 6.05839208e-02 5.08220246e-02
 0.00000000e+00 1.04219908e-01 3.31315934e-02 6.19980203e-02
 0.00000000e+00 2.39875935e-01 6.44326234e-02 1.73797259e-01
 7.44414700e-02 5.48633181e-02 0.00000000e+00 0.00000000e+00
 0.00000000e+00 4.88422365e-01 1.07409362e+01 1.77525960e-01
 0.00000000e+00 5.15908818e-03 3.24285573e+00 5.25169964e-01
 0.00000000e+00 6.30703881e-02 3.06303049e-01 3.07285716e-01]
6
1.0
[[nan]
 [nan]]
[ 0.03068696  0.          0.          0.          0.6418923   0.
  0.06542287  0.          0.52741203  0.59690756  0.126202    0.
  0.12549559  1.58018981  0.          0.          0.33963627  0.14335567
  0.16857782  0.16903587  0.          0.12690607  3.38131191  0.
  0.23627292  0.15107485  0.12121841  0.20035995  0.05358611  0.78750166
  0.4196145   0.60448357  1.44838151  0.20506181  1.98932471  0.
  1.23469887  0.07872442  0.          0.          0.          0.
  0.145061    0.10016315  0.          1.93573551  0.          2.12715893
  0.01428381  0.          0.          0.47441135  2.18153625  0.05225299
  0.15620064  0.14130943  0.          0.27589324  0.59462454  0.14453356
  0.          0.          0.15645233  0.1582258   1.48764186  0.14647786
  0.1560679   0.25679961  0.13447309  0.14571756  0.1628772   1.37404331
  0.          0.          0.          0.18039526  0.02546785 10.17131505
  0.14020119  0.15259249  0.          0.          0.16116437  0.7877117
  1.44524366  0.17029618  0.12739095  0.14379182  0.75950992  0.3698378
  0.          0.1455044   0.19849546  0.4073895   0.19976824  2.94387646
  0.          0.64355083  0.32434205  0.        ]
6
1.0
[[nan]
 [nan]]
[5.45585840e+00 3.58047533e-01 1.87006578e+00 7.78478202e-01
 6.72335655e-01 0.00000000e+00 3.75172934e-01 3.56722075e-01
 1.00148546e-01 9.58613974e-01 3.71307435e-01 2.64224288e-01
 0.00000000e+00 1.19640958e+00 2.14375152e-01 0.00000000e+00
 3.93982008e-01 3.61827437e-01 0.00000000e+00 3.33419693e+00
 0.00000000e+00 3.37253861e+00 3.83692794e+00 0.00000000e+00
 0.00000000e+00 0.00000000e+00 0.00000000e+00 0.00000000e+00
 0.00000000e+00 3.65427783e-01 4.45140653e+00 3.55766867e-01
 0.00000000e+00 3.49654445e-01 4.19604131e-01 3.56951599e-01
 2.41780800e-01 1.02729831e+00 3.81829264e-01 0.00000000e+00
 2.51445934e+00 3.53976565e-01 7.49957826e-01 6.85732068e-01
 3.61384090e-01 3.64819564e-01 0.00000000e+00 0.00000000e+00
 3.53425977e-01 9.17410453e-01 3.56383908e-01 1.84982521e-02
 1.62572531e+00 3.61551714e-01 3.61737813e-01 4.70736314e-01
 3.03551916e+00 0.00000000e+00 1.38694074e-03 3.58144965e-01
 8.78410317e-01 3.45296181e-01 4.50491315e+00 0.00000000e+00
 3.56165185e-01 2.80494109e-01 8.91370933e+00 3.54263114e-01
 0.00000000e+00 1.26750765e+00 3.76512367e-02 1.84321849e+00
 2.27842934e-02 0.00000000e+00 1.80227205e+01 4.83582353e+00
 0.00000000e+00 8.96762300e-01 0.00000000e+00 0.00000000e+00
 4.23857358e+00 4.61242489e-01 0.00000000e+00 3.53439325e-01
 5.15032070e+00 0.00000000e+00 0.00000000e+00 0.00000000e+00
 3.51008755e+00 6.25411323e-01 0.00000000e+00 3.41123512e-01
 5.51203853e-01 1.29504281e+00 0.00000000e+00 3.52740004e-01
 1.05971932e+00 1.01642392e+00 0.00000000e+00 0.00000000e+00]
6
1.0
[[nan]
 [nan]]
[9.43762167e-01 4.34463547e-02 0.00000000e+00 4.49062774e-02
 3.44755164e-01 8.32963193e-01 4.25721577e+00 0.00000000e+00
 3.80214842e-02 8.59379327e-02 0.00000000e+00 6.13220495e-02
 2.14115835e+00 0.00000000e+00 0.00000000e+00 2.39080110e+00
 4.61338886e-02 4.26744968e-02 7.44032305e-02 0.00000000e+00
 0.00000000e+00 0.00000000e+00 2.63426819e-01 4.98867870e-02
 9.47862725e+00 3.70533115e-02 6.52585892e+00 9.18592007e-02
 5.98317881e-02 0.00000000e+00 2.07444872e-01 8.64773666e-02
 5.23838207e-02 1.19723018e+01 1.06174828e+00 0.00000000e+00
 4.61012921e-02 2.68835393e-02 4.26904935e-02 0.00000000e+00
 6.43829890e-02 4.36066715e-02 0.00000000e+00 4.22737453e-02
 1.17748894e-01 4.10640301e-02 3.73397145e-02 0.00000000e+00
 6.75662643e-02 0.00000000e+00 0.00000000e+00 2.77460956e-01
 9.38117018e-01 3.11273901e-01 0.00000000e+00 2.62605476e-02
 2.33031302e+00 0.00000000e+00 1.46923525e+01 9.41976782e-02
 4.10794272e+00 0.00000000e+00 0.00000000e+00 0.00000000e+00
 3.48403253e+00 3.71647961e-02 0.00000000e+00 1.84464238e+00
 2.54957925e-01 4.02807747e-01 5.98777375e-02 0.00000000e+00
 0.00000000e+00 2.17867649e-03 3.45788393e-02 4.28644036e-02
 7.96848420e-01 1.72207568e-01 3.79910957e-02 4.86227171e-02
 0.00000000e+00 6.83082756e-02 0.00000000e+00 0.00000000e+00
 2.48304737e-02 2.87089834e-02 5.26677412e-01 5.83652952e-02
 0.00000000e+00 6.62736329e-02 8.06318581e-01 4.31345950e-02
 0.00000000e+00 4.42174157e-02 0.00000000e+00 1.33907905e+00
 0.00000000e+00 1.69327304e+00 6.55611351e-02 1.86888652e-02]
6
1.0
[[nan]
 [nan]]
[1.17861131e-01 2.48763454e+01 0.00000000e+00 0.00000000e+00
 6.29471760e+00 8.01393913e-02 0.00000000e+00 6.81021217e-02
 1.16253490e-01 0.00000000e+00 2.42444812e-01 1.32866848e+00
 1.04369451e-01 3.12868771e-02 0.00000000e+00 4.42725507e+00
 1.64866075e-01 1.16299022e-01 1.14603606e-01 1.14282843e-01
 6.59577914e-01 5.23047027e-03 2.78167595e+00 9.08023622e-02
 0.00000000e+00 1.59020865e-01 2.14580915e-01 1.28974646e-01
 2.42544483e-01 2.98475509e-01 2.35220161e-01 1.03701799e-01
 6.88730138e-01 1.72735345e-01 5.23724429e-01 5.74394280e-01
 1.13567226e-01 0.00000000e+00 5.80461120e-01 3.13503351e-01
 8.07224075e-02 0.00000000e+00 6.89797090e-01 0.00000000e+00
 4.19748316e-01 7.29210342e-01 1.74916045e-01 1.40271298e+00
 0.00000000e+00 1.08273663e-01 0.00000000e+00 2.30808335e-02
 2.20488266e+00 0.00000000e+00 0.00000000e+00 0.00000000e+00
 1.09072492e-01 0.00000000e+00 9.93318253e-01 1.13779097e-01
 2.17446146e-02 4.61379073e-01 6.32788347e-01 0.00000000e+00
 0.00000000e+00 2.61125915e-01 0.00000000e+00 1.56294398e-03
 5.03938751e-01 0.00000000e+00 2.28134742e-01 5.21071614e-01
 4.66422022e-01 0.00000000e+00 0.00000000e+00 4.83123776e-01
 5.79727772e-02 1.15437698e-01 1.17101386e-01 1.14255371e-01
 3.31786999e-01 0.00000000e+00 0.00000000e+00 2.27824634e+00
 6.49889677e-02 1.03688604e-01 0.00000000e+00 0.00000000e+00
 8.40825142e-01 0.00000000e+00 0.00000000e+00 1.10126147e+00
 8.76276143e-02 1.13864401e-01 1.03679082e-01 0.00000000e+00
 6.72071526e-02 0.00000000e+00 0.00000000e+00 2.27590238e+00]
6
1.0
[[nan]
 [nan]]
[1.72119876e-01 0.00000000e+00 2.75941085e-01 0.00000000e+00
 3.99558542e+00 3.29661492e-01 1.82107195e-01 0.00000000e+00
 0.00000000e+00 0.00000000e+00 1.61380704e-01 0.00000000e+00
 5.72356588e+00 0.00000000e+00 2.72150772e-01 2.44127310e-01
 7.68698646e+00 0.00000000e+00 3.07602710e-01 2.72178903e-01
 4.99207261e-01 2.77707005e-01 0.00000000e+00 3.16657882e-01
 0.00000000e+00 9.52897681e-01 2.71906579e-01 0.00000000e+00
 1.89000003e-01 8.40171509e-01 5.67767639e-01 0.00000000e+00
 0.00000000e+00 2.89463234e-01 0.00000000e+00 2.76916843e-01
 2.97295233e-01 4.07699498e-01 4.43840645e-01 4.46140785e-01
 1.63695111e+01 2.73545894e-01 1.01834757e+00 2.89331582e-01
 0.00000000e+00 1.35301805e+00 0.00000000e+00 2.72476831e-01
 2.74958494e-01 5.22544079e-01 1.23853645e+00 0.00000000e+00
 1.96435078e+00 9.88296125e-03 1.08063808e+01 9.19260886e-01
 0.00000000e+00 2.02382054e-01 0.00000000e+00 5.87537670e+00
 2.69559290e-01 2.71578354e-01 0.00000000e+00 0.00000000e+00
 0.00000000e+00 2.71375494e-01 0.00000000e+00 2.26186509e-01
 8.13803251e-01 0.00000000e+00 2.66977990e-01 0.00000000e+00
 0.00000000e+00 2.67380946e-01 2.67979376e-01 2.58809628e-01
 8.43665099e-01 1.02778131e+01 4.37047338e-01 2.30041442e-01
 1.05761484e+00 1.10195395e+01 2.71973552e-01 8.84561300e-01
 1.60518206e+00 0.00000000e+00 2.86644135e-01 3.29026615e-01
 2.09768467e-01 7.73955613e-01 1.06951885e+01 3.01913885e-01
 3.08435326e-01 6.56393316e-02 0.00000000e+00 1.87718528e+00
 2.55121631e-01 0.00000000e+00 3.21200914e-01 0.00000000e+00]
6
1.0
[[nan]
 [nan]]
[2.15778883e-01 0.00000000e+00 0.00000000e+00 1.39190621e-01
 0.00000000e+00 0.00000000e+00 2.42841445e-01 2.14374448e-01
 2.12149737e-01 4.00607256e+00 2.39958917e-01 0.00000000e+00
 1.82482037e+00 5.95574716e-01 5.20881117e-01 1.92250286e-01
 2.14919235e-01 1.90594360e-01 4.37695635e-01 0.00000000e+00
 2.23002230e-01 0.00000000e+00 2.29284309e+00 3.08765123e-01
 7.86497431e-01 5.57810330e-01 0.00000000e+00 0.00000000e+00
 2.20298558e-01 0.00000000e+00 0.00000000e+00 1.81521208e-01
 2.18288153e-01 7.73646490e-01 2.15575881e-01 0.00000000e+00
 0.00000000e+00 2.22565869e+00 2.14218915e-01 5.68254962e-01
 0.00000000e+00 0.00000000e+00 5.17366141e-01 8.16501655e+00
 0.00000000e+00 0.00000000e+00 0.00000000e+00 0.00000000e+00
 0.00000000e+00 1.80393072e-01 2.02331222e-01 2.44383035e-01
 2.14737751e-01 1.64522692e-01 5.77039812e-01 2.10086863e-01
 2.10041841e-01 1.42779339e-01 2.15589837e-01 2.15586197e-01
 2.03442879e-01 0.00000000e+00 0.00000000e+00 2.15589483e-01
 2.18268115e-01 7.36071885e-01 2.15511029e-01 2.15589714e-01
 2.15090231e-01 3.64860463e-01 6.46962468e-01 2.15467938e-01
 1.88862809e-01 1.72381704e-01 1.41835986e+00 4.11989549e-01
 2.15239026e-01 3.33791834e-04 0.00000000e+00 0.00000000e+00
 1.26791327e+00 0.00000000e+00 0.00000000e+00 1.82076333e-01
 2.14204868e-01 2.08498660e-01 3.74103634e+00 1.99299378e-01
 2.73881259e-01 0.00000000e+00 3.09082512e-01 0.00000000e+00
 0.00000000e+00 4.03596490e+00 1.82163853e-01 3.56238326e-01
 3.13134197e-01 5.14705006e-01 0.00000000e+00 2.21773864e-01]
6
1.0
[[nan]
 [nan]]
[1.51575904e-01 0.00000000e+00 1.68879361e-01 1.05216329e+00
 0.00000000e+00 0.00000000e+00 1.23158257e+01 1.86875501e-01
 3.39241276e-01 0.00000000e+00 0.00000000e+00 2.54842064e-01
 0.00000000e+00 0.00000000e+00 0.00000000e+00 1.61180131e-01
 2.79589115e-01 1.00692615e-01 1.38297869e-01 2.56270757e-01
 0.00000000e+00 1.07476596e-03 0.00000000e+00 4.97744097e-03
 4.62392764e+00 1.54781910e-01 0.00000000e+00 1.40307078e-01
 1.79337814e+00 0.00000000e+00 7.60010600e-01 4.73529058e-02
 1.45902487e+00 1.35977385e+00 9.98594784e+00 1.41857377e-01
 1.46059575e-01 0.00000000e+00 0.00000000e+00 6.04257877e-01
 0.00000000e+00 1.41672301e-01 2.75519156e-01 1.81186068e-01
 1.34859697e-01 6.77203342e-01 2.24361308e-01 0.00000000e+00
 1.33896391e+00 0.00000000e+00 1.41728278e-01 0.00000000e+00
 0.00000000e+00 0.00000000e+00 2.98688643e-01 1.48249110e-01
 5.47598017e-01 1.23430739e-01 1.45185695e-01 1.53200764e-01
 3.97030958e+00 1.38355362e-01 1.10822656e+00 0.00000000e+00
 1.20442014e+01 1.40964010e-01 0.00000000e+00 1.40346469e-01
 1.72447498e-01 0.00000000e+00 0.00000000e+00 2.39623550e+00
 2.60192474e-01 0.00000000e+00 0.00000000e+00 1.40280854e-01
 1.36737219e-01 4.59451542e-01 2.31973022e+00 2.46763592e-01
 7.91041689e-01 3.17188499e-01 8.93353950e-02 0.00000000e+00
 3.45184757e+00 3.56808839e-01 7.83660042e-02 1.40955664e-01
 2.41572286e+01 1.46463431e+00 1.48281147e-01 0.00000000e+00
 1.43598368e-01 1.41534204e-01 0.00000000e+00 9.44786898e-01
 0.00000000e+00 2.05486365e+00 2.76219625e-01 1.35761255e-01]
6
1.0
[[nan]
 [nan]]
[2.84548631e-01 0.00000000e+00 2.42963430e-01 0.00000000e+00
 1.20813226e-01 7.09304542e+00 2.25127702e+00 2.04932463e-01
 3.62444305e-01 2.69092705e+00 2.51799413e-01 2.14845361e-01
 6.99301783e-02 1.48572218e-01 2.31314033e-01 5.47667768e-02
 2.97629058e+00 6.00833628e+00 3.61701824e-01 2.06454013e+00
 0.00000000e+00 0.00000000e+00 2.42956770e-01 1.61241361e-01
 0.00000000e+00 0.00000000e+00 2.55711383e-01 0.00000000e+00
 2.90158063e-01 0.00000000e+00 1.43048691e-01 3.04725467e-01
 0.00000000e+00 1.13183505e-02 2.42918912e-01 4.19112916e-01
 3.82425217e-01 2.47313669e-01 4.00230977e-01 5.66779807e-01
 6.62251529e-02 2.40608410e-01 4.24188500e-01 2.42918400e-01
 0.00000000e+00 0.00000000e+00 2.42911134e-01 0.00000000e+00
 2.85046611e-01 0.00000000e+00 2.02292709e+01 0.00000000e+00
 1.31038522e-01 1.74790146e+00 0.00000000e+00 2.37091358e-01
 1.89429909e+00 3.17742739e-01 9.11980803e-01 2.43476096e-01
 2.42296800e-01 2.32939898e+00 2.49138193e-01 0.00000000e+00
 0.00000000e+00 1.89626629e-01 1.95855063e-01 1.89876290e-01
 2.84477970e-01 3.52878871e-01 3.29290880e-01 0.00000000e+00
 1.59051522e-01 2.39719721e-01 1.85912947e-01 2.01356749e-01
 0.00000000e+00 0.00000000e+00 1.42276456e+00 9.60178956e-01
 2.16674894e-01 0.00000000e+00 0.00000000e+00 2.24632204e-01
 0.00000000e+00 8.83196486e-01 0.00000000e+00 1.04065825e-01
 0.00000000e+00 0.00000000e+00 0.00000000e+00 4.82023795e-01
 2.43973519e-01 0.00000000e+00 0.00000000e+00 4.45118391e-01
 1.82566564e-01 2.40791356e-01 4.83306355e-01 0.00000000e+00]
6
1.0
[[nan]
 [nan]]
[2.21093852e+00 0.00000000e+00 0.00000000e+00 2.21295386e+00
 2.18354881e-01 0.00000000e+00 9.49819365e-02 4.39027189e-03
 7.49862702e-01 0.00000000e+00 0.00000000e+00 0.00000000e+00
 1.79346428e-01 1.22381506e-01 4.89780534e-01 0.00000000e+00
 7.36918952e-02 1.00614010e-01 4.03520576e-01 1.00752569e-01
 1.72616130e+00 9.90448466e-02 0.00000000e+00 1.16759480e-01
 1.18798709e-01 2.81757760e+00 1.00617722e-01 1.00617391e-01
 1.00417090e-01 5.20715479e-01 3.06785394e+00 0.00000000e+00
 1.38389581e+00 3.65959869e-01 1.91404954e+00 6.44341844e-02
 0.00000000e+00 7.96106573e-02 1.27748753e-01 0.00000000e+00
 5.70466341e-01 5.90324122e-01 6.58420689e-01 1.55014834e-01
 0.00000000e+00 8.82980547e-02 1.01050697e-01 1.07848078e+00
 9.94878372e-02 0.00000000e+00 0.00000000e+00 3.05202427e-01
 2.75475071e-01 9.57736260e-02 0.00000000e+00 0.00000000e+00
 0.00000000e+00 0.00000000e+00 4.02070733e-01 7.12388900e-01
 0.00000000e+00 0.00000000e+00 0.00000000e+00 1.17209800e-01
 2.47860692e-01 0.00000000e+00 3.59384020e-01 0.00000000e+00
 5.43379322e+00 1.00714460e-01 8.04612417e-02 9.81500580e-02
 1.00617718e-01 2.45000711e+00 0.00000000e+00 0.00000000e+00
 9.63388483e-02 4.57250455e-01 1.46630047e+01 3.43752208e-01
 1.58259885e-01 1.15413765e+00 4.97132186e+00 1.41696885e-01
 0.00000000e+00 0.00000000e+00 9.66680200e-01 1.15696481e-01
 1.04005420e+01 1.64320802e+00 1.00657621e-01 2.10142045e-01
 9.16182543e-01 0.00000000e+00 1.00511602e-01 0.00000000e+00
 0.00000000e+00 5.30383737e-01 8.88793283e-02 7.88796103e-01]
6
1.0
[[nan]
 [nan]]
[4.51717227e-02 3.57779252e-02 1.75487976e-01 3.37682660e-02
 9.93586162e-01 0.00000000e+00 4.99185121e-02 3.48234288e-02
 1.07987072e+00 2.66772009e-01 2.43968700e+00 1.42705993e-01
 6.89579683e-01 0.00000000e+00 0.00000000e+00 0.00000000e+00
 0.00000000e+00 3.80930366e-02 9.81309310e-02 0.00000000e+00
 7.74966181e-01 5.66408489e-02 1.78047982e-01 3.12432712e-02
 2.44681213e-02 3.47969248e-02 1.55491433e-01 1.52457926e-01
 5.05275742e+00 1.94671412e-01 2.09085741e-01 0.00000000e+00
 2.58781222e-02 3.31895384e-01 1.63233517e+00 0.00000000e+00
 0.00000000e+00 0.00000000e+00 1.32885382e-02 0.00000000e+00
 3.73051296e-02 0.00000000e+00 1.19237961e+00 0.00000000e+00
 2.97361088e-03 3.40038792e-02 1.06042646e+00 0.00000000e+00
 1.58114007e-01 4.73609495e-01 0.00000000e+00 0.00000000e+00
 1.90307891e-01 0.00000000e+00 3.48051198e-02 1.87535299e+00
 1.30502467e-01 0.00000000e+00 1.76144597e-01 3.45315124e-02
 0.00000000e+00 0.00000000e+00 0.00000000e+00 8.48371231e-02
 8.49133583e+00 1.66956054e+01 6.26261095e-02 0.00000000e+00
 1.17418979e+00 0.00000000e+00 2.64972645e+00 1.22825342e+00
 2.11775435e+01 1.93863863e+00 1.37179461e+01 3.85216570e+00
 1.25064793e+00 2.52198233e+00 0.00000000e+00 1.56917620e+00
 3.82469387e+00 5.28529684e-02 1.92709430e+00 9.04978185e-01
 0.00000000e+00 0.00000000e+00 2.00248080e+00 0.00000000e+00
 1.24360836e-01 0.00000000e+00 1.88903824e+00 6.04412350e+00
 1.59504915e+00 1.06893283e-01 4.40245103e+00 3.19605693e-02
 1.40678140e+01 4.52014337e-02 0.00000000e+00 0.00000000e+00]
6
1.0
[[nan]
 [nan]]
[1.34180067e+00 2.58161977e+00 1.73608255e-01 0.00000000e+00
 2.26565580e+01 0.00000000e+00 0.00000000e+00 2.12555775e-01
 0.00000000e+00 1.50127543e-01 6.05713429e-01 0.00000000e+00
 0.00000000e+00 4.37059068e-01 3.90333467e-01 9.85771054e-01
 1.59149293e-01 1.58805917e-01 1.58862007e-01 1.10135061e+01
 0.00000000e+00 2.06078487e+00 1.61482613e-01 0.00000000e+00
 1.02610377e+00 9.22284047e-02 6.34049667e-01 1.58885671e-01
 1.05654480e+00 1.04628642e-01 7.94173424e-01 0.00000000e+00
 9.74622847e-01 1.17082777e-01 1.40916549e-01 0.00000000e+00
 8.08132552e+00 0.00000000e+00 0.00000000e+00 2.13016995e-01
 0.00000000e+00 0.00000000e+00 0.00000000e+00 4.03643549e-02
 1.12053617e+00 1.59752083e-01 5.11405515e-01 2.49400453e-01
 4.29042380e-02 7.02572706e-02 0.00000000e+00 0.00000000e+00
 2.30083374e-01 1.58909842e-01 1.55370299e-01 1.51050220e-01
 1.99413410e+00 0.00000000e+00 2.75856763e-01 0.00000000e+00
 9.75379905e-01 0.00000000e+00 2.03807403e+00 0.00000000e+00
 1.63016776e-01 5.89487775e-01 0.00000000e+00 1.20465154e-01
 2.21668792e+00 1.42748229e-01 0.00000000e+00 2.25676060e-01
 3.89627594e-01 3.14063011e+00 1.58880740e-01 8.32393210e-01
 0.00000000e+00 3.92148300e+00 1.20636708e+00 8.46008712e-01
 3.21119623e-01 0.00000000e+00 5.77899690e-01 1.43490889e+00
 9.80775118e-02 0.00000000e+00 6.08047060e+00 1.11421932e+01
 0.00000000e+00 1.57472469e-02 0.00000000e+00 1.28442374e+00
 3.86961687e-01 1.44713355e-01 0.00000000e+00 2.63777978e-01
 7.05820505e-01 1.58863494e-01 2.18810437e+00 0.00000000e+00]
6
1.0
[[nan]
 [nan]]
[ 0.          0.          0.          0.          0.          0.2985375
  0.          0.71772032  0.32494684  4.35490275  0.52300078  0.31340574
  0.          0.20429303  0.          0.230964    0.84914468  0.3205962
  0.19455986  0.19616847  0.35750835  0.32747735  0.          0.31303477
  5.04731993  2.5330326   0.          0.          0.96462182  0.27939161
  2.20814635  0.30952016  0.47139375  0.          0.          5.77413599
  0.          6.08024     0.19096558  0.360558    0.98774218  0.514281
  4.69624926  2.35480331  0.          0.          2.63512516  2.03926276
  0.25234715  0.4218822   0.          7.6269758  13.84217316  0.
  1.967837    0.19089851  0.          0.          0.32325812  0.
  0.3218215   1.74442181  0.          3.47110933  4.94088882  0.28968443
  0.          0.          5.99033895  0.02539053  0.75843552  0.32419761
  0.33926218  1.57424675  0.34716782  0.31973953  0.          0.28220872
  0.32422922  3.67963663  0.33004708  0.3230828   0.          0.
  0.22010081  0.97254529  0.34571672 21.25591712  0.24257396  0.34724075
  1.00074733  2.65439223  0.7884795   2.19292823  0.          0.
  2.08443877  0.32884549  0.          0.37757219]
6
1.0
[[nan]
 [nan]]
[ 0.          0.          0.          0.1855977   3.33528944  5.18400933
  0.20857934  0.          0.          0.24350443  0.          0.
  0.54538447  0.45912064  0.          1.84391819  0.26465717  0.85421328
  0.58102666  0.2405143   0.          0.24060634  0.2371253   1.99341268
  4.1509078   0.43024036  0.          0.          0.28467402  0.23596293
  0.          0.2645705   0.24081414  0.22009549  0.64285831  0.
  0.07603296  0.79113816  4.32371643  0.          4.91593785  0.27056312
  1.11431746  0.18567852  1.7511665   0.50401996  0.          0.
  0.01837207  0.          1.76706941  0.44704652  1.0180208   0.23622531
  0.24061137  0.          0.47019874  0.          3.29082682  0.81503119
 12.39496906  0.          0.          0.          0.33444625  1.93672521
  0.          0.24916783  1.76843454  0.23836737  0.33756923  0.24149235
  0.48228188  0.24224571  0.26175104  0.20804663  1.09376566  0.2403801
  0.          0.          0.          1.45603114  0.          1.13603558
  0.          0.          1.64345967  1.39530582  1.17440961  0.
  4.1718975   0.19327397  0.49585493  0.31589685  0.10815725  0.11105296
  0.28741482  0.24639422  1.11725037  0.24013346]
6
1.0
[[nan]
 [nan]]
[0.00000000e+00 1.31711826e+00 6.97937383e-02 0.00000000e+00
 3.54266596e-02 3.22526277e-02 0.00000000e+00 0.00000000e+00
 1.66029638e-02 9.29894340e+00 0.00000000e+00 3.32692591e-02
 0.00000000e+00 3.40298033e-02 0.00000000e+00 3.25399928e-02
 3.09824085e-01 4.23313951e-02 6.07134240e-02 5.74284270e-01
 1.30408650e-01 4.45809475e-02 0.00000000e+00 0.00000000e+00
 6.08668885e-01 2.61293550e+00 7.32948187e-01 0.00000000e+00
 3.01136535e-02 0.00000000e+00 2.22274767e-01 3.95924372e-01
 0.00000000e+00 1.76202599e-01 1.03346531e-01 1.23141826e+00
 0.00000000e+00 7.65654313e-02 1.15993693e+01 8.98156812e-02
 0.00000000e+00 8.10729539e-01 0.00000000e+00 7.98543599e-01
 2.09016807e-01 2.51874281e-02 0.00000000e+00 4.80173606e-02
 2.14835182e+01 6.35576905e-02 6.02743278e-01 9.45859315e-04
 2.33039620e+00 0.00000000e+00 0.00000000e+00 0.00000000e+00
 3.40695770e-02 3.72166656e-02 0.00000000e+00 6.30595265e+00
 0.00000000e+00 4.09482962e-01 2.51158659e-01 1.25537882e-01
 3.30328969e-02 0.00000000e+00 3.36915948e-02 0.00000000e+00
 1.00146310e-01 1.01380005e-02 8.78364062e-04 4.88699483e+00
 5.95226089e-02 2.63908125e-02 0.00000000e+00 0.00000000e+00
 1.42529797e+00 0.00000000e+00 0.00000000e+00 4.99287168e+00
 7.49775604e-02 6.13283654e-05 6.77733570e-02 4.36790266e-01
 2.39973140e-02 6.53196727e-02 1.35914232e+00 2.37228243e+00
 3.65412881e+00 0.00000000e+00 7.00567200e+00 2.74462854e+00
 3.31916629e-02 2.29131460e-01 1.44517546e-01 0.00000000e+00
 1.27136621e-01 5.08428860e+00 1.46056032e-01 0.00000000e+00]
6
1.0
[[nan]
 [nan]]
[6.57680599e+00 4.27097398e-01 7.28725794e-02 0.00000000e+00
 0.00000000e+00 0.00000000e+00 1.34223601e+00 1.36993762e-01
 1.04466204e-01 3.96539419e-01 1.40364936e-03 1.32364956e+00
 0.00000000e+00 5.95929469e+00 0.00000000e+00 7.64045282e-02
 7.55573673e-02 0.00000000e+00 0.00000000e+00 0.00000000e+00
 0.00000000e+00 3.08809102e-01 8.05602467e-02 2.52990187e-01
 0.00000000e+00 6.90279781e-02 7.64046944e-02 0.00000000e+00
 5.45125834e-01 0.00000000e+00 0.00000000e+00 0.00000000e+00
 1.00523937e+01 8.95559833e+00 4.33365676e-02 3.14739629e+00
 1.05479279e-01 0.00000000e+00 1.25792288e+00 6.98890968e-01
 3.23974239e-01 1.50752112e-01 1.59667684e-01 0.00000000e+00
 7.56714575e-02 3.76941836e-01 7.17349020e-02 0.00000000e+00
 1.09495769e-01 0.00000000e+00 7.41930347e-02 8.04603627e-02
 1.51987398e-02 0.00000000e+00 7.91694442e-01 1.08779726e+00
 0.00000000e+00 0.00000000e+00 7.64150321e-02 0.00000000e+00
 7.62993318e-02 6.62811253e-02 7.35462706e-02 5.56675186e-01
 2.68154249e+00 4.04189287e-01 3.61828263e-02 5.02114155e-02
 4.78971314e-02 1.78946587e+00 6.81821939e-02 4.99257467e+00
 3.51142711e-01 0.00000000e+00 5.82457124e-01 1.33675253e-01
 0.00000000e+00 7.66052666e-02 3.41468731e+00 0.00000000e+00
 0.00000000e+00 3.38924471e+00 1.77338343e-01 2.91387610e+00
 0.00000000e+00 1.62585789e-01 0.00000000e+00 0.00000000e+00
 1.35395049e-01 1.49973331e-01 9.31472348e-03 5.22187222e-04
 1.84051649e-02 8.32462450e-02 0.00000000e+00 5.08324170e-03
 7.51071644e-02 5.57674663e-02 2.30213277e+00 1.73540188e+00]
6
1.0
[[nan]
 [nan]]
[0.00000000e+00 0.00000000e+00 0.00000000e+00 1.29167007e-01
 0.00000000e+00 8.47079111e-02 7.49458227e+00 6.86356353e-02
 1.82402121e+00 0.00000000e+00 0.00000000e+00 0.00000000e+00
 1.26426558e-01 7.31275980e-02 1.40231316e-01 0.00000000e+00
 8.25086681e-02 7.02170957e-02 0.00000000e+00 4.59259002e-02
 0.00000000e+00 3.83389054e+00 7.05531665e+00 1.32079417e-01
 0.00000000e+00 1.09799256e+00 8.05626771e-02 1.21161480e-02
 7.52431683e-02 0.00000000e+00 2.90938281e-01 0.00000000e+00
 0.00000000e+00 0.00000000e+00 8.14254552e-02 1.07887037e-01
 4.48486153e+00 7.55860591e-01 1.59944292e+00 1.86161190e+00
 4.93990284e-01 1.29836566e+01 3.35556405e-03 7.31421960e-02
 1.29438516e+00 0.00000000e+00 2.14277252e-01 0.00000000e+00
 4.09794165e-02 6.26689644e+00 4.67065077e-01 2.00397431e-01
 1.01052734e+00 1.73764650e+00 0.00000000e+00 3.88592345e-01
 7.28835979e-02 7.62401656e-02 0.00000000e+00 5.97183731e-02
 0.00000000e+00 4.37380674e-01 1.08695094e-01 4.39286881e+00
 3.92094814e-01 7.60235639e-02 6.46646616e-01 0.00000000e+00
 6.57161897e-01 2.65810231e+00 0.00000000e+00 0.00000000e+00
 1.45284923e+00 0.00000000e+00 7.31428301e-02 2.42924464e-01
 0.00000000e+00 4.42645791e+00 0.00000000e+00 3.30812830e-01
 1.09226299e-01 8.50234576e-02 7.61511996e-02 7.03811440e-01
 7.25620252e-02 0.00000000e+00 1.32829308e-01 9.37707076e-01
 4.45063537e+00 1.28564948e-01 7.12910269e-02 0.00000000e+00
 0.00000000e+00 7.33717849e-02 1.87982916e+00 1.57777917e+00
 2.74022879e+00 9.51310861e-02 0.00000000e+00 7.32689918e-02]
6
1.0
[[nan]
 [nan]]
[1.43387168e-01 0.00000000e+00 1.01821706e-01 2.51183782e-01
 0.00000000e+00 0.00000000e+00 6.79112254e+00 1.18218213e+00
 5.39302209e-02 3.39743944e-01 1.43602808e-01 0.00000000e+00
 1.30427701e+00 0.00000000e+00 2.23898409e+00 1.43716687e-01
 1.43424920e-01 2.70917414e-01 2.09509577e-01 1.45565962e-01
 1.68564625e+00 1.83763632e-01 8.00951301e-01 3.48247089e-01
 1.42480354e-01 4.03635638e-03 0.00000000e+00 0.00000000e+00
 0.00000000e+00 1.40359937e-01 1.38972165e-01 1.67773528e-01
 1.54264851e+00 1.34408869e+00 4.13291819e+00 6.11308618e-01
 1.84971018e+00 1.19927270e-01 1.17243019e-01 0.00000000e+00
 1.27263363e-01 1.82359103e+00 0.00000000e+00 0.00000000e+00
 0.00000000e+00 0.00000000e+00 1.60532635e-01 0.00000000e+00
 0.00000000e+00 2.67662155e+00 1.43426858e-01 2.41070571e-01
 4.97755936e-01 0.00000000e+00 0.00000000e+00 2.06362962e+00
 5.29495483e-01 0.00000000e+00 4.64842527e-01 1.37544805e+00
 1.53581252e+00 1.48951337e+01 0.00000000e+00 4.14984703e+00
 1.09648426e-01 0.00000000e+00 1.08966899e-01 0.00000000e+00
 5.51374615e+00 0.00000000e+00 1.54853821e-01 1.51322141e-01
 1.02454236e-01 1.42438192e-01 4.04674134e+01 0.00000000e+00
 1.93029715e-01 7.95723843e-02 0.00000000e+00 8.24399549e-02
 0.00000000e+00 1.54217363e+00 7.84271630e-02 1.45059627e-01
 0.00000000e+00 5.23681307e+00 0.00000000e+00 4.06664215e-01
 2.43343982e-01 0.00000000e+00 0.00000000e+00 1.43680363e-01
 6.49773512e-01 3.42559152e-01 6.52402374e+00 2.85838797e+00
 1.43675942e-01 0.00000000e+00 1.43608159e-01 1.43467205e-01]
6
1.0
[[nan]
 [nan]]
[1.43870458e-01 9.68907532e-02 0.00000000e+00 6.60451925e-02
 1.29296763e-01 0.00000000e+00 1.31930097e-01 3.14149449e-01
 1.48684436e-01 0.00000000e+00 3.70236348e-01 1.36539683e-01
 2.67842066e+00 0.00000000e+00 0.00000000e+00 3.12849072e+00
 0.00000000e+00 7.06526771e+00 2.78540306e-01 1.79265526e+00
 1.09553409e-01 0.00000000e+00 3.32803562e+00 3.40738254e+00
 1.36610681e-01 8.89397851e-02 0.00000000e+00 1.39689589e-01
 0.00000000e+00 0.00000000e+00 1.44477798e-01 2.17940841e-01
 0.00000000e+00 1.45035733e-01 1.65285407e-01 8.22214251e-01
 1.70203802e-01 2.66522841e-01 3.61430392e+00 0.00000000e+00
 1.36549614e-01 1.36533036e-01 5.48757428e-01 1.45308834e-01
 1.01780473e+00 3.09148600e+00 1.42137605e-01 0.00000000e+00
 1.30095569e-01 0.00000000e+00 5.04926886e-01 0.00000000e+00
 1.35969980e-01 4.12776121e-01 0.00000000e+00 1.37692390e-01
 1.36534729e-01 0.00000000e+00 0.00000000e+00 6.83204946e-02
 1.52332176e-01 0.00000000e+00 1.27710796e-01 1.24652065e-01
 0.00000000e+00 3.26866722e-03 1.47206875e+00 7.39354963e-01
 0.00000000e+00 0.00000000e+00 1.32403872e-01 3.28409649e-01
 0.00000000e+00 1.38711668e-01 0.00000000e+00 8.58453934e+00
 1.24090822e-01 1.39661452e-01 1.41900405e-01 1.40667640e-01
 0.00000000e+00 6.79908762e+00 0.00000000e+00 1.37088906e-01
 2.98178493e-01 1.35062299e-01 0.00000000e+00 1.38640579e+00
 1.69357726e-01 1.26757686e-01 0.00000000e+00 0.00000000e+00
 2.59950854e-01 1.41035248e-01 1.16388049e+00 2.62488853e-01
 1.36905115e-01 0.00000000e+00 2.99494559e+00 1.67185864e-01]
6
1.0
[[nan]
 [nan]]
[0.         3.75980947 2.34233656 0.52223199 0.04627863 0.08388604
 2.73379537 1.06355017 0.01868012 4.93769424 2.10812841 0.05762053
 1.78487528 0.00795508 0.         0.02279168 5.68077886 0.05783052
 0.03664238 1.21834405 1.3988025  0.0602213  0.01078148 0.3237698
 0.36729631 0.         0.         0.         0.         0.
 0.05949325 0.         5.19042185 0.         2.96290858 0.06039031
 0.57241426 0.06022226 0.28630493 0.         2.80380922 0.06224234
 0.         1.35658607 0.15867785 1.16221092 0.72719281 1.26384152
 0.05890752 0.         0.16615734 4.32352487 1.04164087 0.08658502
 0.06108142 0.         0.2068895  0.         0.         0.
 0.06031486 0.13639243 0.         0.18007604 1.94194386 0.36354282
 0.         0.13104655 0.         3.10747734 0.07478977 0.08156761
 0.         0.13404083 2.08759076 3.0607733  0.03761103 0.25538824
 0.         0.93779528 3.59683325 1.54341364 0.06384015 3.64624632
 0.         0.         0.         0.         0.         0.25088251
 0.         0.         0.07183667 0.32908713 0.99379487 0.33540753
 4.93210384 0.         0.92203994 0.        ]
6
1.0
[[nan]
 [nan]]
[9.36097153e-02 9.15725216e-02 9.55537866e-01 6.60351611e-01
 7.94466428e-02 9.31962352e-02 1.75031122e-01 9.63101328e-02
 9.18380563e-02 0.00000000e+00 0.00000000e+00 7.50471164e+00
 4.78525091e-03 0.00000000e+00 1.45387039e-01 2.88767698e-02
 0.00000000e+00 9.20143446e-02 7.53569150e-01 1.07448803e+00
 0.00000000e+00 1.71158472e-01 4.77928040e-01 8.47201483e-02
 0.00000000e+00 0.00000000e+00 0.00000000e+00 1.58134717e-01
 0.00000000e+00 2.63280012e-01 1.42468516e-01 0.00000000e+00
 4.08528909e+01 0.00000000e+00 0.00000000e+00 0.00000000e+00
 1.65422628e-01 1.07315097e-01 6.56570268e-02 0.00000000e+00
 9.58283391e-02 4.06586241e-02 9.29177587e-02 1.78756206e-01
 1.82656063e+00 2.23898337e+00 1.91856433e+00 0.00000000e+00
 5.31583887e-01 0.00000000e+00 0.00000000e+00 3.29847880e+00
 0.00000000e+00 2.47157363e-01 1.86851503e-01 0.00000000e+00
 0.00000000e+00 3.00165983e-02 1.98437157e-01 1.47844865e+01
 1.11087641e-01 9.18646831e-02 9.27414240e-02 8.06856317e-02
 0.00000000e+00 5.52415945e-02 8.24049895e+00 0.00000000e+00
 0.00000000e+00 2.07796735e+00 2.84643259e-01 1.33181274e+00
 1.28439827e-01 3.94651141e+00 0.00000000e+00 7.22736512e-02
 0.00000000e+00 0.00000000e+00 2.31236547e+00 9.13932408e-02
 0.00000000e+00 2.72358710e-02 1.71908888e+00 1.97204656e+00
 2.13846638e+00 5.41083645e-01 1.02767221e-01 9.16446493e-02
 0.00000000e+00 4.65082571e-01 7.45093273e-01 1.55537126e+00
 2.24898874e-01 0.00000000e+00 0.00000000e+00 1.29895517e-01
 1.80945295e+00 3.80662617e-01 9.44123230e-02 4.06802195e-01]
6
1.0
[[nan]
 [nan]]
[2.17338760e+00 1.58418675e+00 2.92373388e-01 4.43579361e+00
 0.00000000e+00 2.70133735e-01 2.67045430e+00 0.00000000e+00
 2.91434774e-01 2.52199948e-01 8.81397966e-01 7.14444248e-01
 2.92303504e-01 0.00000000e+00 3.04844079e-01 0.00000000e+00
 0.00000000e+00 0.00000000e+00 5.22488971e-01 1.66520645e-01
 1.57517893e-01 1.44499654e+00 2.48922839e-02 0.00000000e+00
 2.97390762e-01 0.00000000e+00 0.00000000e+00 3.22782185e-01
 0.00000000e+00 6.17017213e-01 0.00000000e+00 0.00000000e+00
 0.00000000e+00 2.83131239e-01 2.90989037e-01 2.29279337e-01
 2.92828838e-01 0.00000000e+00 5.97573442e-01 3.85276763e-03
 0.00000000e+00 0.00000000e+00 2.92591181e-01 9.76257954e+00
 3.10924914e+00 0.00000000e+00 9.16475040e-01 3.14205349e-01
 0.00000000e+00 0.00000000e+00 7.93224238e+00 0.00000000e+00
 2.02552511e-01 3.64948682e+00 0.00000000e+00 3.97547693e+01
 1.13000669e+00 0.00000000e+00 0.00000000e+00 1.21283150e-01
 1.32291908e-01 3.35411045e+00 1.07967769e+01 3.89186386e-02
 4.89579643e-01 2.15365001e+00 0.00000000e+00 6.05592509e-01
 2.99028519e-01 3.11741413e-01 2.37221599e-01 6.70436255e-01
 5.32627105e-01 3.19132431e-02 1.07941931e+00 0.00000000e+00
 0.00000000e+00 0.00000000e+00 0.00000000e+00 4.54848131e-01
 9.40160682e-01 4.89411178e-02 1.61708775e+00 2.57753027e-01
 3.65778198e-01 2.88271787e-01 3.11277925e-01 2.82212131e-01
 2.94455579e-01 4.73433670e-01 1.44618180e+00 0.00000000e+00
 0.00000000e+00 2.78143948e-01 2.92502696e-01 5.01693765e-01
 2.91321359e-01 1.90468068e-01 2.92610076e-01 5.11857587e-01]
6
1.0
[[nan]
 [nan]]
[9.65006649e-01 0.00000000e+00 2.95772848e-01 2.59621010e-01
 0.00000000e+00 2.20662302e-01 5.97523892e-01 7.41448980e-01
 2.35466360e-01 2.55982165e-01 5.13824064e-01 1.11025513e+00
 0.00000000e+00 5.72552034e-01 8.15129400e-01 2.56173036e-01
 5.36016990e-01 3.40396987e-01 0.00000000e+00 2.60256218e-01
 2.34350219e-01 0.00000000e+00 0.00000000e+00 1.26407878e+01
 0.00000000e+00 2.30553234e-01 0.00000000e+00 2.53318624e-01
 3.02361047e-01 0.00000000e+00 0.00000000e+00 3.96026985e-01
 1.04955537e+00 2.88981764e-01 0.00000000e+00 2.53383491e-01
 0.00000000e+00 1.62546982e+00 2.48988755e-01 0.00000000e+00
 2.99920418e-01 2.56004363e-01 3.21122854e-03 1.62981891e+00
 0.00000000e+00 0.00000000e+00 8.97047670e+00 2.63792832e-01
 7.48386044e-01 9.01741078e-01 2.55134666e-01 3.85265418e-01
 0.00000000e+00 1.16950156e+01 2.55955007e-01 2.30034016e-01
 0.00000000e+00 0.00000000e+00 1.60038123e-01 2.55419257e-01
 8.91074102e-01 1.80621477e+00 0.00000000e+00 7.97003987e-02
 4.87576446e+00 2.78030170e-01 6.17384405e-01 0.00000000e+00
 2.56181700e-01 2.59418568e-01 6.95459874e-01 2.33019621e-01
 0.00000000e+00 2.55978496e-01 0.00000000e+00 1.61061306e+00
 3.60136172e-01 1.63156909e-01 1.01728962e+00 4.66623605e-03
 1.58413877e-01 0.00000000e+00 2.58118228e+00 0.00000000e+00
 2.56357340e-01 2.20166196e-01 2.57539618e-01 1.13012638e+01
 5.04852628e+00 2.53505359e-01 0.00000000e+00 0.00000000e+00
 2.61467368e-01 0.00000000e+00 0.00000000e+00 0.00000000e+00
 6.43877241e+00 4.78082754e-01 0.00000000e+00 1.15374196e-01]
6
1.0
[[nan]
 [nan]]
[1.48269708e-01 0.00000000e+00 4.43736569e-01 9.04046612e-01
 4.36103722e+00 6.94956564e+00 3.75889408e-01 0.00000000e+00
 0.00000000e+00 0.00000000e+00 0.00000000e+00 0.00000000e+00
 1.45177784e-01 1.28149863e-01 8.71529055e-01 0.00000000e+00
 0.00000000e+00 1.44302913e+00 1.59324637e-01 0.00000000e+00
 0.00000000e+00 0.00000000e+00 0.00000000e+00 0.00000000e+00
 0.00000000e+00 4.71122270e-01 4.82545405e+00 1.46589009e-01
 1.51010329e+00 3.01944724e+00 0.00000000e+00 5.52100686e-02
 3.12809878e-01 2.00615483e-01 5.95122790e+00 5.44690351e+00
 1.02886295e+00 1.46511412e-01 0.00000000e+00 6.37758334e-02
 1.42468897e-01 0.00000000e+00 4.52829116e-01 1.47070163e-01
 0.00000000e+00 0.00000000e+00 1.46525910e-01 0.00000000e+00
 4.90668951e-02 1.16243086e-01 8.96562014e-02 1.66808080e-01
 7.91639806e+00 2.58926600e+00 1.70528878e-01 1.36310495e+00
 1.84861349e+01 2.54215189e-01 1.46553994e-01 3.14586228e-01
 2.94488114e+00 5.66748730e-01 1.51280533e-01 1.95350133e+00
 1.08008191e-01 1.23375379e-01 1.86103428e+00 4.40924311e-02
 7.49000231e-03 1.71380493e+00 1.85408410e+00 1.00407822e-01
 0.00000000e+00 0.00000000e+00 2.00866961e+00 0.00000000e+00
 1.90194387e-01 7.36811039e-01 0.00000000e+00 0.00000000e+00
 1.97840238e-01 1.46895591e-01 1.35811928e-01 1.46480486e-01
 0.00000000e+00 1.46561470e-01 2.13258833e-01 2.53785855e-01
 0.00000000e+00 4.65428848e+00 2.92909316e-02 1.43325981e+00
 0.00000000e+00 9.72601306e-01 1.56216968e-01 1.22940167e-01
 0.00000000e+00 2.20363718e-01 4.20522535e-02 0.00000000e+00]
6
1.0
[[nan]
 [nan]]
[ 0.29542091  0.96982345  0.44539786  1.37965888  0.29555016  0.15801645
  0.21129277  0.90789387  0.35156942  0.28427937  0.          0.
  4.64361326  0.18033597  7.49604911  0.          0.30456928  0.2202158
  0.          0.          0.          0.29738758  1.03314841  0.
  0.3166853   0.29094956  0.15824341  0.29675516  0.          8.35999745
  0.28007721  0.30084744  0.29581506  0.          0.30478619  0.
  0.          0.42648026  0.8133072   0.          3.54732789  0.
  0.          0.15361877  0.6679905   0.29520155  0.13502141  0.
  0.05331981  0.46257738  0.          0.21164043  0.1812919   0.
  0.         12.78659541  2.8922054   7.46596057  0.24274579  0.28024334
  0.16583948  0.19282407  0.86478169  0.30352792  0.          0.
  4.62829548  0.3308243   0.          0.26466355  0.29469664  0.
  0.          0.29711878  0.          0.30289232  0.01733345  0.32881915
  0.32879717  0.27030729  0.29920352  0.29736696  0.07056106  0.25805621
  5.06072632  0.29761318  0.92631625  0.          0.61684118  1.27104067
  0.74462226  0.          0.          0.29562149  0.          0.
  0.          0.32542221  0.16987133  1.48938941]
6
1.0
[[nan]
 [nan]]
[0.00000000e+00 0.00000000e+00 1.40374445e-01 0.00000000e+00
 2.60810247e-03 0.00000000e+00 3.55191097e-02 6.03390333e-02
 4.33734067e-01 5.79272071e-01 2.34766428e+00 1.03254847e-01
 1.02107551e-01 0.00000000e+00 2.02486468e-01 3.84034688e+00
 1.10059052e-01 1.54700983e-01 2.73384939e+00 3.62526723e-01
 1.24096174e-01 1.59161538e+00 1.33690705e+00 3.20428339e-01
 1.01625146e-01 0.00000000e+00 0.00000000e+00 6.43613767e-01
 1.80311267e-01 2.54192695e+00 0.00000000e+00 3.40690277e-02
 1.84741443e-01 9.44962545e-02 0.00000000e+00 0.00000000e+00
 1.14138681e-01 1.06027042e-01 0.00000000e+00 1.03833543e-01
 1.05014940e-01 0.00000000e+00 2.98547625e-02 0.00000000e+00
 0.00000000e+00 7.82794796e-01 1.37245660e-01 6.46386026e-01
 7.91873448e-02 5.59968763e+00 8.80918791e+00 7.44928984e-01
 2.01732743e+00 9.89231797e-01 1.38800595e+00 3.96163898e-02
 0.00000000e+00 4.59541060e-01 1.05424792e-01 4.56125099e+00
 0.00000000e+00 4.53263807e-02 0.00000000e+00 0.00000000e+00
 7.28139678e-01 2.36231940e+00 1.02716700e-01 5.55486237e-02
 1.04964134e-01 1.19870469e+01 3.13161396e-01 0.00000000e+00
 0.00000000e+00 0.00000000e+00 1.21129690e-01 3.58958450e-04
 0.00000000e+00 0.00000000e+00 4.89202971e+00 0.00000000e+00
 1.07493261e-01 0.00000000e+00 6.39914119e-01 0.00000000e+00
 3.90032694e-01 2.83796768e-01 9.37197206e-02 0.00000000e+00
 0.00000000e+00 3.72469206e-01 1.01043395e-01 1.76062347e+00
 1.18383955e-01 0.00000000e+00 1.07355002e-01 0.00000000e+00
 4.21609429e-01 3.81533318e+00 1.08425893e-01 1.08166104e-01]
6
1.0
[[nan]
 [nan]]
[0.00000000e+00 8.23192985e-01 1.10443050e+01 7.10812233e-01
 1.19670238e+00 0.00000000e+00 0.00000000e+00 2.69052326e+00
 4.05193560e-01 0.00000000e+00 2.03995507e-02 0.00000000e+00
 3.89079555e-01 3.21292306e-01 1.08460866e+00 4.53038563e-01
 2.08226514e+00 0.00000000e+00 2.04713839e-02 1.54948495e-02
 4.88927959e-02 0.00000000e+00 1.70492246e+00 2.44078191e-01
 1.68113307e+00 3.90325048e+00 7.39750486e-01 0.00000000e+00
 4.25610432e+00 3.76430087e-01 5.01576118e-02 1.17645715e-01
 2.04886294e-02 8.47230529e-02 1.40720127e+00 8.60009348e-01
 3.00123205e+01 1.02107350e-02 9.46019238e-02 0.00000000e+00
 0.00000000e+00 2.07847393e-02 2.38983831e-02 0.00000000e+00
 0.00000000e+00 7.24353070e-02 4.17174616e-01 1.00101081e+00
 2.54401183e-02 0.00000000e+00 1.21887646e-02 2.46620261e-02
 2.02848451e-02 0.00000000e+00 2.38481384e-02 7.61022616e-03
 0.00000000e+00 1.86417608e+00 0.00000000e+00 8.42902516e-01
 0.00000000e+00 5.82341575e-02 9.47666161e-03 0.00000000e+00
 6.42814943e-01 2.83310513e+00 6.84675564e+00 8.96407652e+00
 2.12266433e-02 1.67334540e-02 0.00000000e+00 3.54361614e+00
 2.01644293e-02 0.00000000e+00 3.04183287e+00 1.49094896e+00
 0.00000000e+00 0.00000000e+00 0.00000000e+00 2.85711223e-02
 1.03979030e+00 8.02971722e-01 2.67794324e-01 1.85087019e+00
 2.16257033e-02 0.00000000e+00 2.05206645e-02 1.01330852e+00
 1.31287599e-01 0.00000000e+00 3.62936793e+00 0.00000000e+00
 0.00000000e+00 1.34256588e-02 3.84859671e-02 0.00000000e+00
 0.00000000e+00 2.88926242e+00 0.00000000e+00 9.17713858e-01]
6
1.0
[[nan]
 [nan]]
[6.09277615e+00 3.57194898e-01 6.85087463e-01 4.01060650e-02
 4.59275278e-01 2.34492458e+00 0.00000000e+00 0.00000000e+00
 4.65428488e+00 6.03925523e-01 2.03660338e-01 2.46288497e-01
 4.71300390e-01 1.01762331e-01 0.00000000e+00 9.30119222e-03
 0.00000000e+00 0.00000000e+00 2.51099674e-01 3.84919051e-02
 0.00000000e+00 9.81958353e-01 9.19575943e-02 1.19302858e-01
 2.27704039e-02 1.08302613e-01 0.00000000e+00 3.86305871e-01
 3.38618599e+00 3.30551050e-01 0.00000000e+00 0.00000000e+00
 1.08129490e-01 1.97052553e-01 6.47581748e-01 1.12711794e-01
 3.54696268e-01 3.86890292e-02 0.00000000e+00 0.00000000e+00
 1.11661968e-01 0.00000000e+00 0.00000000e+00 9.03524565e-02
 2.39242387e-01 3.26456169e-02 9.29166632e-02 0.00000000e+00
 0.00000000e+00 1.12696551e-01 2.09753570e+00 0.00000000e+00
 6.17500598e-04 1.10243043e-01 2.82616339e-03 7.85701628e+00
 8.42717503e+00 1.65244147e-01 6.46033151e-03 0.00000000e+00
 1.33304298e+00 4.54100142e-02 7.02858913e-01 0.00000000e+00
 0.00000000e+00 5.38083152e-01 1.49992692e+00 9.82188225e-02
 0.00000000e+00 1.10465509e-01 0.00000000e+00 0.00000000e+00
 2.59563792e+00 4.99895370e+00 2.23424888e+00 8.20043038e-01
 1.10743433e-01 2.36351512e+00 2.54903632e+00 0.00000000e+00
 4.82952585e-01 1.66348075e-01 1.09826473e-01 1.26085193e+00
 0.00000000e+00 1.10737542e-01 0.00000000e+00 1.09480594e-01
 0.00000000e+00 1.22263139e-01 0.00000000e+00 0.00000000e+00
 1.04383965e-01 0.00000000e+00 4.13358276e+00 8.08197861e-02
 0.00000000e+00 1.75201317e-01 1.11297145e-01 2.62805695e+00]
6
1.0
[[nan]
 [nan]]
[0.00000000e+00 0.00000000e+00 3.78015971e-01 1.76585332e-01
 4.41581422e+00 1.10473034e+01 1.65574881e-01 1.66979858e-01
 2.16858317e-01 3.55754794e+00 0.00000000e+00 1.65206395e-01
 0.00000000e+00 0.00000000e+00 5.46338287e+00 9.77301944e-02
 0.00000000e+00 0.00000000e+00 1.39150375e+00 0.00000000e+00
 3.49321581e-02 0.00000000e+00 8.85056676e+00 8.65618294e-01
 2.16547896e-01 1.30268674e-01 3.17610868e+00 0.00000000e+00
 1.03891103e+01 1.60981044e-01 1.47048175e-01 0.00000000e+00
 1.64222957e-01 2.20656684e-01 1.61307336e-01 4.83066297e-01
 1.13037272e+00 1.54147468e-01 8.57863870e+00 1.34341953e+00
 1.52047450e-01 0.00000000e+00 1.72534454e-01 2.92883426e+01
 2.86835476e+00 0.00000000e+00 0.00000000e+00 1.66912955e-01
 0.00000000e+00 4.81994378e-01 1.77146305e-01 3.33578753e+00
 3.76618157e-01 0.00000000e+00 1.23594036e+01 0.00000000e+00
 1.27917577e+00 0.00000000e+00 2.82017047e-01 2.37321882e-01
 0.00000000e+00 1.49832626e-01 1.30478347e+00 6.40859048e-01
 1.07453813e+00 1.65338597e-01 0.00000000e+00 0.00000000e+00
 0.00000000e+00 1.97176690e+00 1.35879725e-01 1.09673377e+00
 0.00000000e+00 0.00000000e+00 1.63703313e-01 0.00000000e+00
 0.00000000e+00 1.42833511e-01 5.93152859e+00 1.08053757e-02
 3.15765705e+00 1.12878940e+00 1.65632591e-01 0.00000000e+00
 0.00000000e+00 1.65141784e-01 5.53098008e-01 1.82202591e-01
 4.56358581e-01 0.00000000e+00 1.95194317e-01 1.36973716e+00
 9.88540926e-01 6.78786198e+00 1.71263074e-01 2.77442154e-01
 0.00000000e+00 7.73130572e-01 5.27005725e-01 6.56613852e-01]
6
1.0
[[nan]
 [nan]]
[1.68268596e-01 9.60790472e-01 0.00000000e+00 0.00000000e+00
 4.09530835e-02 6.00791937e-03 4.49284430e-02 6.26025644e-02
 0.00000000e+00 1.61287803e+00 7.85033642e+00 4.82662609e-02
 6.95252292e-01 0.00000000e+00 0.00000000e+00 1.85953369e+00
 0.00000000e+00 2.60847034e-01 2.39506113e+01 1.28808171e+00
 4.44468705e-02 6.12537891e-01 2.09699121e-01 0.00000000e+00
 3.81602027e-02 4.49115907e-02 0.00000000e+00 5.06919620e-01
 2.61644681e-01 5.45200038e+00 0.00000000e+00 4.46703059e-02
 0.00000000e+00 3.41999833e-01 2.27979521e+00 0.00000000e+00
 4.56623294e-02 9.28350369e-02 2.40639938e-02 6.10585428e-01
 0.00000000e+00 3.53701270e-01 5.74957518e-02 1.33303279e+01
 0.00000000e+00 6.33679231e-01 0.00000000e+00 3.84744842e+00
 0.00000000e+00 0.00000000e+00 2.38884551e+00 5.27146731e-01
 4.55438378e-02 0.00000000e+00 1.32569466e+00 6.74111332e-02
 7.93457337e-03 3.70342164e-01 1.26529517e-01 5.80150060e+00
 4.28082661e-02 4.05779417e-02 6.00976572e-02 4.43492194e-02
 2.15746526e+00 3.22180531e+00 8.85542260e-01 0.00000000e+00
 8.53921445e-01 6.05644452e+00 0.00000000e+00 6.00571607e-01
 0.00000000e+00 1.34797825e-02 0.00000000e+00 4.43648180e-02
 0.00000000e+00 4.02521839e-02 4.84248946e-02 8.26558680e-01
 3.45639930e-02 0.00000000e+00 2.95923367e-01 0.00000000e+00
 0.00000000e+00 1.34108509e-01 0.00000000e+00 0.00000000e+00
 4.82518046e+00 3.35335711e-02 4.21461644e+00 0.00000000e+00
 5.55076561e-02 0.00000000e+00 0.00000000e+00 2.58599238e-02
 1.37237974e+00 2.68744389e-01 4.70677835e-02 2.54510677e-02]
6
1.0
[[nan]
 [nan]]
[7.24524456e-02 2.50014820e-03 0.00000000e+00 0.00000000e+00
 2.88329863e+00 7.19241971e-02 7.09191596e-02 0.00000000e+00
 1.27681627e+00 4.08511771e-01 0.00000000e+00 7.55219305e-02
 7.16742600e-02 7.95628544e-01 2.64183605e+00 7.22753740e-01
 0.00000000e+00 1.73912831e+00 1.94781923e-01 7.83036228e-02
 0.00000000e+00 1.32123219e-01 2.11814332e+00 2.05826235e-02
 0.00000000e+00 6.03678189e-02 7.79160955e-02 1.31589131e-01
 1.21501022e-01 7.92159229e-02 3.19417771e+00 0.00000000e+00
 0.00000000e+00 4.43610208e-03 0.00000000e+00 1.04981950e-01
 7.20959865e-02 2.51862564e-01 5.33602098e-01 1.26385446e-01
 6.44555934e-01 6.83807636e-01 7.22364836e-02 0.00000000e+00
 7.29121823e-02 8.09355736e-02 1.59581204e-01 2.14040979e-02
 9.48417571e-01 0.00000000e+00 7.24908815e-02 1.31596281e-01
 7.42828915e-02 1.22720797e+00 0.00000000e+00 0.00000000e+00
 6.51032753e-01 4.18908759e-01 5.88228579e-03 0.00000000e+00
 1.19512691e+00 0.00000000e+00 0.00000000e+00 0.00000000e+00
 2.20381151e-01 6.96447223e-02 0.00000000e+00 0.00000000e+00
 2.72795093e-01 7.22661354e-02 7.84542457e-02 5.44799632e-01
 2.56106406e-01 0.00000000e+00 0.00000000e+00 0.00000000e+00
 0.00000000e+00 7.97780421e-02 8.71177962e-02 2.03088882e-01
 0.00000000e+00 0.00000000e+00 2.21096169e+00 1.54093743e-01
 4.31403307e-01 0.00000000e+00 0.00000000e+00 1.05246820e-01
 1.27179732e-01 7.51475032e-02 0.00000000e+00 6.60087199e-01
 7.24546628e-02 2.29956774e+00 6.70815927e-02 7.62393575e-02
 0.00000000e+00 6.62830484e-02 7.25388486e-02 7.24631711e-02]
6
1.0
[[nan]
 [nan]]
[2.04846354e-01 7.24011667e-01 2.45287326e-01 1.49408812e-01
 5.60874585e-01 3.42908271e-03 5.78154045e-01 0.00000000e+00
 4.07022533e-01 1.64124805e-01 1.20765853e+00 0.00000000e+00
 0.00000000e+00 0.00000000e+00 8.55741210e-01 0.00000000e+00
 0.00000000e+00 1.80145716e-01 2.26785268e-01 0.00000000e+00
 1.42875438e-01 4.60864527e-01 2.07756806e-01 2.88974433e-01
 4.60587972e-03 1.84423967e-01 1.56059230e+00 1.85194313e-01
 1.85037601e-01 4.64304012e-02 1.53260397e-01 1.99131045e-01
 2.70905269e+00 0.00000000e+00 2.14083826e+00 6.86952639e-01
 1.09035334e+00 0.00000000e+00 5.50646928e-01 8.79918380e-03
 0.00000000e+00 1.21513729e+00 0.00000000e+00 1.82629593e-01
 4.07476108e+00 2.16152482e-01 1.79004543e-01 1.51345950e-01
 0.00000000e+00 0.00000000e+00 1.14385335e-01 3.87167134e-01
 6.27787531e-01 2.00177455e-01 0.00000000e+00 1.80720645e-01
 1.80612861e-01 9.47008741e-01 0.00000000e+00 0.00000000e+00
 4.37361062e-01 1.79051957e-01 0.00000000e+00 0.00000000e+00
 1.81886423e-01 0.00000000e+00 0.00000000e+00 0.00000000e+00
 0.00000000e+00 4.38039417e+00 9.38265948e-01 7.25671412e+00
 1.59118301e+00 5.00923509e-01 2.06528656e-01 0.00000000e+00
 1.76210956e-01 6.26137368e-01 3.35259798e-01 1.02264063e+01
 0.00000000e+00 1.57497873e-01 0.00000000e+00 0.00000000e+00
 0.00000000e+00 1.81954145e-01 2.24654741e-01 0.00000000e+00
 2.17303734e-01 7.73850768e+00 2.56698373e+00 1.80845079e-01
 5.31062408e-02 2.43993914e+00 0.00000000e+00 0.00000000e+00
 6.26967601e-01 1.85007769e-01 1.65816529e-01 1.56466265e+00]
6
1.0
[[nan]
 [nan]]
[0.00000000e+00 0.00000000e+00 1.21724870e-01 3.11150435e-01
 2.86280689e-01 4.83552423e-01 0.00000000e+00 2.13434033e-01
 3.69472269e+00 2.81532260e+00 9.62950522e-01 2.93089892e-01
 0.00000000e+00 1.97416709e+00 0.00000000e+00 4.78396334e+00
 0.00000000e+00 0.00000000e+00 1.24158347e+00 0.00000000e+00
 5.37445886e+00 1.24244321e-02 6.91270174e-01 0.00000000e+00
 0.00000000e+00 0.00000000e+00 2.98460726e-01 3.69673755e-01
 3.46878251e-01 0.00000000e+00 3.75836816e+00 2.99592570e-01
 0.00000000e+00 2.92591592e-01 1.12949212e+00 0.00000000e+00
 1.81334880e-01 0.00000000e+00 4.15516823e-01 0.00000000e+00
 2.97394597e-01 2.97231326e-01 4.68259104e-01 2.02083185e-01
 1.28480330e+01 7.23953919e-01 2.92433404e+00 3.28339867e-02
 0.00000000e+00 3.60079463e-01 0.00000000e+00 2.09091430e+00
 2.98447128e-01 3.53244367e-01 2.96055930e-01 7.22748248e-02
 2.99515591e-01 3.31682956e+00 3.20558574e+00 0.00000000e+00
 3.26023334e-01 9.92272527e-02 0.00000000e+00 3.13931121e-01
 9.82549377e-01 2.50609272e-01 2.98522141e-01 3.08800020e+00
 2.97447786e-01 1.33035597e+00 5.85064835e+00 3.96068112e-01
 4.34628015e-01 0.00000000e+00 0.00000000e+00 0.00000000e+00
 2.60770340e-01 5.30999176e-02 1.83536870e+00 3.24547398e-01
 0.00000000e+00 0.00000000e+00 7.43246579e-01 4.11394667e+00
 0.00000000e+00 0.00000000e+00 3.67423676e-01 2.26112240e+00
 2.99806899e+00 3.89946244e-01 1.31780371e+00 7.86494874e-01
 0.00000000e+00 5.73935256e-01 7.33915692e-02 0.00000000e+00
 1.02744361e-01 0.00000000e+00 2.92216213e-01 8.64960018e-02]
6
1.0
[[nan]
 [nan]]
[1.05533972e+00 0.00000000e+00 0.00000000e+00 5.35425199e-01
 0.00000000e+00 2.41700348e-01 2.80855011e+00 1.15277134e-01
 2.61415184e-01 0.00000000e+00 2.29291125e-01 1.83269377e-01
 0.00000000e+00 1.08009220e+00 2.25579571e-01 9.63724132e-01
 1.83342130e-01 1.45743194e-01 6.47289898e+00 2.28025001e+00
 3.57088347e+00 1.25865732e+00 0.00000000e+00 1.82197823e-01
 2.21544410e-01 5.28738766e+00 3.52477803e+00 3.48681791e-01
 1.83042961e-01 1.87827971e-01 1.91983744e-01 1.80294213e-01
 5.72140136e-01 0.00000000e+00 0.00000000e+00 0.00000000e+00
 2.63620956e+00 4.50561356e+00 0.00000000e+00 1.83276942e-01
 2.28762473e-01 0.00000000e+00 0.00000000e+00 0.00000000e+00
 0.00000000e+00 1.83575968e-01 0.00000000e+00 0.00000000e+00
 4.44737924e+00 0.00000000e+00 1.94935370e-01 1.42857301e-01
 1.92022890e-01 5.83045619e+00 2.73861409e+00 5.32809924e-02
 1.86387096e-01 2.20373413e-01 1.82007551e+00 0.00000000e+00
 9.11896223e-02 1.79600697e-01 0.00000000e+00 0.00000000e+00
 1.23956142e-01 1.83363631e-01 2.41229032e-01 0.00000000e+00
 4.47472616e-01 0.00000000e+00 6.47308414e-01 0.00000000e+00
 6.93192385e-01 2.57490768e-01 2.37033206e-01 1.22957583e-03
 0.00000000e+00 1.79764911e-01 1.03354313e+01 7.02105614e-02
 3.49192502e-01 0.00000000e+00 4.21516187e-01 5.31408275e-01
 0.00000000e+00 0.00000000e+00 1.84914108e-01 8.48221399e+00
 1.87457834e-01 4.19151481e-01 9.76858671e-01 1.10628735e+00
 1.05112922e+00 7.12390063e-02 8.73081685e-02 0.00000000e+00
 0.00000000e+00 1.30515398e-01 6.24966427e+00 0.00000000e+00]
6
1.0
[[nan]
 [nan]]
[5.49881708e-01 0.00000000e+00 1.51620279e-01 7.71613067e-02
 9.88002423e-02 1.32764341e-01 0.00000000e+00 0.00000000e+00
 1.26634863e+00 0.00000000e+00 6.03825790e-02 1.55172286e+00
 3.39290925e+00 9.34039427e-02 8.99191764e-02 1.65363500e-01
 3.31301116e+00 1.27994454e-01 9.19333026e-02 2.61290194e+00
 8.19629903e-02 2.15493348e+00 0.00000000e+00 0.00000000e+00
 1.42796056e+00 1.30142090e-01 0.00000000e+00 1.70294675e+00
 1.09945846e-01 0.00000000e+00 3.29988161e-01 1.22726885e+00
 0.00000000e+00 1.72804013e-02 0.00000000e+00 0.00000000e+00
 1.06803094e-01 1.00683638e-01 8.09916487e-02 1.04625208e-01
 0.00000000e+00 9.80983406e-02 1.15887258e+00 7.63795176e-02
 8.43768812e-02 1.02710504e-01 9.86490818e-02 1.99223055e-01
 6.68283016e+00 1.72519495e+00 1.05568818e+00 8.83006943e-02
 0.00000000e+00 0.00000000e+00 0.00000000e+00 0.00000000e+00
 0.00000000e+00 1.01318727e-01 0.00000000e+00 0.00000000e+00
 6.21369201e+00 6.80918640e-02 6.72899093e-01 9.83421931e-02
 8.27371484e-02 1.42208265e-01 1.02815433e-01 7.85025465e-01
 0.00000000e+00 1.70342895e-01 1.19457726e-03 0.00000000e+00
 1.05490698e-01 0.00000000e+00 1.34742768e-01 8.97092481e-02
 2.40299743e-01 0.00000000e+00 1.02396498e-01 2.10831215e-01
 0.00000000e+00 2.63014069e-01 9.92826681e-02 0.00000000e+00
 0.00000000e+00 0.00000000e+00 1.94992367e+00 5.08334574e-01
 1.20858045e+00 2.62162729e+00 0.00000000e+00 2.61606260e-01
 3.79140757e-01 9.88805918e-02 0.00000000e+00 1.34289397e+00
 1.06694959e+00 3.46130629e+00 0.00000000e+00 3.42012387e+00]
6
1.0
[[nan]
 [nan]]
